Start Time (Seconds),End Time (Seconds),Duration (Seconds),Component,Energy Consumption (Joule)
0,180.331,180.331,screen dark,51.148291383600004
0.0,1.5670689999997194,1.5670689999997194,core 0 cpu_idle start,0.04292452722039231
1.5670689999997194,1.9619739999998274,0.394905000000108,core 0 cpu_idle,0.010817079798002957
1.9619739999998274,2.015537999999651,0.053563999999823864,core 0 cpu_frequency,None
2.015537999999651,2.0307129999996505,0.015174999999999272,core 0 cpu_idle,0.00041566752999998004
2.0307129999996505,2.030986999999641,0.00027399999999033753,core 0 cpu_frequency,None
2.030986999999641,4.61964799999987,2.5886610000002293,core 0 cpu_idle,0.07090756664760628
4.61964799999987,4.619944000000032,0.00029600000016216654,core 0 cpu_frequency,None
4.619944000000032,4.627659999999651,0.0077159999996183615,core 0 cpu_idle,0.0002113535855895463
4.627659999999651,4.627950999999939,0.00029100000028847717,core 0 cpu_frequency,None
4.627950999999939,4.630813999999646,0.002862999999706517,core 0 cpu_idle,7.842215079196103e-05
4.630813999999646,4.630975999999919,0.00016200000027311035,core 0 cpu_frequency,None
4.630975999999919,4.630981999999676,5.999999757477781e-06,core 0 cpu_idle,1.6434959335692837e-07
4.630981999999676,4.631412999999611,0.00043099999993501115,core 0 cpu_frequency,None
4.631412999999611,4.704515999999785,0.07310300000017378,core 0 cpu_idle,0.00200240813480476
4.704515999999785,4.705862999999681,0.0013469999998960702,core 0 cpu_frequency,None
4.705862999999681,4.720723999999791,0.014861000000109925,core 0 cpu_idle,0.000407066567603011
4.720723999999791,4.72186899999997,0.0011450000001786975,core 0 cpu_frequency,None
4.72186899999997,4.8307159999999385,0.10884699999996883,core 0 cpu_idle,0.002981493485199146
4.8307159999999385,4.881014999999934,0.05029899999999543,core 0 cpu_frequency,None
4.881014999999934,5.28073699999959,0.39972199999965596,core 0 cpu_idle,0.010949025135190575
5.28073699999959,5.291161999999986,0.010425000000395812,core 0 cpu_frequency,None
5.291161999999986,5.311495999999806,0.020333999999820662,core 0 cpu_idle,0.0005569807943950876
5.311495999999806,5.392223999999715,0.0807279999999082,core 0 cpu_frequency,None
5.392223999999715,6.060735999999906,0.6685120000001916,core 0 cpu_idle,0.01831161329920525
6.060735999999906,6.065910999999687,0.005174999999780994,core 0 cpu_frequency,None
6.065910999999687,6.066145999999662,0.00023499999997511622,core 0 cpu_idle,6.437025999318393e-06
6.066145999999662,6.066658999999618,0.0005129999999553547,core 0 cpu_frequency,None
6.066658999999618,6.070906999999806,0.0042480000001887674,core 0 cpu_idle,0.00011635951680517064
6.070906999999806,6.165321999999833,0.09441500000002634,core 0 cpu_frequency,None
6.165321999999833,6.195564999999988,0.030243000000155007,core 0 cpu_frequency,None
6.195564999999988,9.100694999999632,2.9051299999996445,core 0 cpu_idle,0.07957615890799026
9.100694999999632,9.103746999999657,0.0030520000000251457,core 0 cpu_frequency,None
9.103746999999657,9.110793999999714,0.007047000000056869,core 0 cpu_idle,0.00019302860520155771
9.110793999999714,9.118933999999626,0.008139999999912106,core 0 cpu_frequency,None
9.118933999999626,9.412773000000016,0.2938390000003892,core 0 cpu_idle,0.00804872035241066
9.412773000000016,9.412970999999743,0.00019799999972747173,core 0 cpu_frequency,None
9.412970999999743,9.42837899999995,0.015408000000206812,core 0 cpu_idle,0.00042204977280566486
9.42837899999995,9.428492000000006,0.00011300000005576294,core 0 cpu_frequency,None
9.428492000000006,9.430699999999888,0.002207999999882304,core 0 cpu_idle,6.048065279677612e-05
9.430699999999888,9.430837999999767,0.00013799999987895717,core 0 cpu_frequency,None
9.430837999999767,9.44236299999966,0.011524999999892316,core 0 cpu_idle,0.0003156881899970503
9.44236299999966,9.442533999999796,0.0001710000001367007,core 0 cpu_frequency,None
9.442533999999796,9.510715999999775,0.06818199999997887,core 0 cpu_idle,0.0018676140711994212
9.510715999999775,9.510789999999815,7.400000004054164e-05,core 0 cpu_frequency,None
9.510789999999815,9.511172999999872,0.0003830000000561995,core 0 cpu_idle,1.0490982801539393e-05
9.511172999999872,9.511276999999609,0.00010399999973742524,core 0 cpu_frequency,None
9.511276999999609,9.521539999999732,0.010263000000122702,core 0 cpu_idle,0.000281119990803361
9.521539999999732,9.521663999999873,0.00012400000014167745,core 0 cpu_frequency,None
9.521663999999873,9.521990999999616,0.00032699999974283855,core 0 cpu_frequency,None
9.521990999999616,9.532046999999693,0.010056000000076892,core 0 cpu_idle,0.0002754499296021062
9.532046999999693,9.532154999999875,0.00010800000018207356,core 0 cpu_frequency,None
9.532154999999875,9.5324099999998,0.0002549999999246211,core 0 cpu_frequency,None
9.5324099999998,9.532443999999941,3.400000014153193e-05,core 0 cpu_frequency,None
9.532443999999941,9.53261799999973,0.0001739999997880659,core 0 cpu_frequency,None
9.53261799999973,9.532843999999841,0.00022600000011152588,core 0 cpu_frequency,None
9.532843999999841,9.533166999999594,0.0003229999997529376,core 0 cpu_frequency,None
9.533166999999594,9.533212999999705,4.600000011123484e-05,core 0 cpu_frequency,None
9.533212999999705,9.53335799999968,0.0001449999999749707,core 0 cpu_frequency,None
9.53335799999968,9.533485999999812,0.00012800000013157842,core 0 cpu_frequency,None
9.533485999999812,9.533673999999792,0.00018799999998009298,core 0 cpu_frequency,None
9.533673999999792,9.53552499999978,0.0018509999999878346,core 0 cpu_frequency,None
9.53552499999978,9.53572499999973,0.0001999999999497959,core 0 cpu_frequency,None
9.53572499999973,9.535915999999816,0.00019100000008620555,core 0 cpu_idle,5.231795602361307e-06
9.535915999999816,9.536273999999594,0.0003579999997782579,core 0 cpu_frequency,None
9.536273999999594,9.536341999999877,6.800000028306386e-05,core 0 cpu_frequency,None
9.536341999999877,9.536843999999746,0.0005019999998694402,core 0 cpu_idle,1.3750583196423758e-05
9.536843999999746,9.53729499999963,0.000450999999884516,core 0 cpu_frequency,None
9.53729499999963,9.537421999999879,0.00012700000024779,core 0 cpu_frequency,None
9.537421999999879,9.5374869999996,6.499999972220394e-05,core 0 cpu_frequency,None
9.5374869999996,9.537607999999636,0.00012100000003556488,core 0 cpu_frequency,None
9.537607999999636,9.538060999999743,0.00045300000010684016,core 0 cpu_frequency,None
9.538060999999743,9.538193999999748,0.0001330000000052678,core 0 cpu_frequency,None
9.538193999999748,9.538227000000006,3.300000025774352e-05,core 0 cpu_frequency,None
9.538227000000006,9.53834199999983,0.00011499999982333975,core 0 cpu_frequency,None
9.53834199999983,9.538542999999663,0.0002009999998335843,core 0 cpu_frequency,None
9.538542999999663,9.538977999999588,0.0004349999999249121,core 0 cpu_idle,1.1915345997943223e-05
9.538977999999588,9.539222999999765,0.00024500000017724233,core 0 cpu_frequency,None
9.539222999999765,9.53926599999977,4.3000000005122274e-05,core 0 cpu_idle,1.1778388001403073e-06
9.53926599999977,9.5393839999997,0.00011799999992945231,core 0 cpu_frequency,None
9.5393839999997,9.539732999999615,0.00034899999991466757,core 0 cpu_idle,9.559668397662607e-06
9.539732999999615,9.539801999999781,6.900000016685226e-05,core 0 cpu_frequency,None
9.539801999999781,9.540099999999711,0.00029799999992974335,core 0 cpu_idle,8.162696798075557e-06
9.540099999999711,9.54011999999966,1.9999999949504854e-05,core 0 cpu_frequency,None
9.54011999999966,9.54021499999999,9.500000032858225e-05,core 0 cpu_frequency,None
9.54021499999999,9.540263999999752,4.8999999762600055e-05,core 0 cpu_frequency,None
9.540263999999752,9.540348999999878,8.500000012645614e-05,core 0 cpu_frequency,None
9.540348999999878,9.54431999999997,0.003971000000092317,core 0 cpu_idle,0.00010877204360252871
9.54431999999997,9.544368999999733,4.8999999762600055e-05,core 0 cpu_frequency,None
9.544368999999733,9.544452999999976,8.400000024266774e-05,core 0 cpu_frequency,None
9.544452999999976,9.544596999999612,0.00014399999963643495,core 0 cpu_frequency,None
9.544596999999612,9.544756999999663,0.00016000000005078618,core 0 cpu_frequency,None
9.544756999999663,9.54479399999991,3.700000024764449e-05,core 0 cpu_idle,1.0134892067833788e-06
9.54479399999991,9.544814999999744,2.099999983329326e-05,core 0 cpu_frequency,None
9.544814999999744,9.544968999999583,0.00015399999983856105,core 0 cpu_idle,4.218306395577928e-06
9.544968999999583,9.545035999999982,6.700000039927545e-05,core 0 cpu_frequency,None
9.545035999999982,9.54507599999988,3.999999989900971e-05,core 0 cpu_idle,1.0956639972337143e-06
9.54507599999988,9.545093999999608,1.7999999727180693e-05,core 0 cpu_frequency,None
9.545093999999608,9.550485999999637,0.005392000000028929,core 0 cpu_idle,0.00014769550720079242
9.550485999999637,9.550889999999981,0.0004040000003442401,core 0 cpu_frequency,None
9.550889999999981,9.666764999999941,0.11587499999995998,core 0 cpu_idle,0.0031740016499989037
9.666764999999941,9.666850999999951,8.600000001024455e-05,core 0 cpu_frequency,None
9.666850999999951,9.666917000000012,6.60000000607397e-05,core 0 cpu_idle,1.8078456016637573e-06
9.666917000000012,9.666999999999916,8.299999990413198e-05,core 0 cpu_frequency,None
9.666999999999916,9.667739999999867,0.000739999999950669,core 0 cpu_idle,2.0269783998648745e-05
9.667739999999867,9.667833999999857,9.399999999004649e-05,core 0 cpu_frequency,None
9.667833999999857,9.669746999999916,0.0019130000000586733,core 0 cpu_idle,5.2400130801607155e-05
9.669746999999916,9.669996999999967,0.0002500000000509317,core 0 cpu_frequency,None
9.669996999999967,9.698210999999901,0.028213999999934458,core 0 cpu_idle,0.0007728266023982047
9.698210999999901,9.698537999999644,0.00032699999974283855,core 0 cpu_frequency,None
9.698537999999644,9.69860699999981,6.900000016685226e-05,core 0 cpu_idle,1.8900204045703503e-06
9.69860699999981,9.698660999999902,5.400000009103678e-05,core 0 cpu_frequency,None
9.698660999999902,9.698667999999998,7.000000096013537e-06,core 0 cpu_idle,1.9174120262996438e-07
9.698667999999998,9.698754000000008,8.600000001024455e-05,core 0 cpu_frequency,None
9.698754000000008,9.69875699999966,2.999999651365215e-06,core 0 cpu_idle,8.217479045033541e-08
9.69875699999966,9.698832999999922,7.60000002628658e-05,core 0 cpu_frequency,None
9.698832999999922,9.698905999999624,7.299999970200588e-05,core 0 cpu_frequency,None
9.698905999999624,9.69891299999972,7.000000096013537e-06,core 0 cpu_idle,1.9174120262996438e-07
9.69891299999972,9.699007999999594,9.49999998738349e-05,core 0 cpu_frequency,None
9.699007999999594,9.850154999999631,0.15114700000003722,core 0 cpu_idle,0.004140158165201019
9.850154999999631,9.850317999999788,0.00016300000015689875,core 0 cpu_frequency,None
9.850317999999788,9.850811999999678,0.0004939999998896383,core 0 cpu_idle,1.3531450396977014e-05
9.850811999999678,9.851832999999715,0.00102100000003702,core 0 cpu_frequency,None
9.851832999999715,11.066693999999643,1.214860999999928,core 0 cpu_idle,0.033276986567598026
11.066693999999643,11.066704999999729,1.1000000085914508e-05,core 0 cpu_frequency,None
11.066704999999729,11.070722999999816,0.004018000000087341,core 0 cpu_idle,0.0001100594488023924
11.070722999999816,11.070866000000024,0.0001430000002073939,core 0 cpu_frequency,None
11.070866000000024,14.803638999999748,3.7327729999997246,core 0 cpu_idle,0.10224662490679245
14.803638999999748,14.80386499999986,0.00022600000011152588,core 0 cpu_frequency,None
14.80386499999986,14.8054089999996,0.0015439999997397535,core 0 cpu_idle,4.229263039287143e-05
14.8054089999996,14.806253999999626,0.00084500000002663,core 0 cpu_frequency,None
14.806253999999626,19.99074299999984,5.184489000000212,core 0 cpu_idle,0.1420114488924058
19.99074299999984,20.102955999999722,0.11221299999988332,core 0 cpu_frequency,None
20.102955999999722,20.110725999999886,0.007770000000164146,core 0 cpu_idle,0.0002128327320044962
20.110725999999886,20.117851999999857,0.0071259999999711,core 0 cpu_frequency,None
20.117851999999857,20.14194299999963,0.024090999999771157,core 0 cpu_idle,0.0006598910355937315
20.14194299999963,20.142039999999724,9.700000009615906e-05,core 0 cpu_frequency,None
20.142039999999724,29.940440999999737,9.798401000000013,core 0 cpu_idle,0.2683938808316003
29.940440999999737,29.94085099999984,0.0004100000001017179,core 0 cpu_frequency,None
29.94085099999984,29.940863999999692,1.2999999853491317e-05,core 0 cpu_idle,3.5609079598689273e-07
29.940863999999692,29.94220099999984,0.0013370000001486915,core 0 cpu_frequency,None
29.94220099999984,29.945162999999866,0.002962000000025,core 0 cpu_idle,8.113391920068479e-05
29.945162999999866,29.9453639999997,0.0002009999998335843,core 0 cpu_frequency,None
29.9453639999997,129.16076099999964,99.21539699999994,core 0 cpu_idle,2.7176684684651984
129.16076099999964,129.1745119999996,0.013750999999956548,core 0 cpu_frequency,None
129.1745119999996,129.1923829999996,0.017871000000013737,core 0 cpu_idle,0.0004895152836003763
129.1923829999996,129.24362399999973,0.05124100000011822,core 0 cpu_frequency,None
129.24362399999973,181.433,52.189376000000266,core 0 cpu_idle,1.4295505116416072
0.0,1.56781299999966,1.56781299999966,core 1 cpu_idle start,0.042944906570790684
1.56781299999966,1.9619749999997111,0.3941620000000512,core 1 cpu_idle,0.010796727839201402
1.9619749999997111,1.962764999999763,0.0007900000000518048,core 1 cpu_frequency,None
1.962764999999763,2.0307159999997566,0.06795099999999366,core 1 cpu_idle,0.001861286611599826
2.0307159999997566,2.0310569999996915,0.00034099999993486563,core 1 cpu_frequency,None
2.0310569999996915,4.61965599999985,2.5885990000001584,core 1 cpu_idle,0.07090586836840433
4.61965599999985,4.620942999999897,0.0012870000000475557,core 1 cpu_frequency,None
4.620942999999897,4.627659999999651,0.00671699999975317,core 1 cpu_idle,0.00018398937719323893
4.627659999999651,4.630815999999868,0.0031560000002173183,core 1 cpu_frequency,None
4.630815999999868,4.6309839999998985,0.00016800000003058813,core 1 cpu_frequency,None
4.6309839999998985,4.631035999999767,5.199999986871262e-05,core 1 cpu_frequency,None
4.631035999999767,4.704525999999987,0.07349000000021988,core 1 cpu_idle,0.0020130086840060226
4.704525999999987,4.705765999999585,0.001239999999597785,core 1 cpu_frequency,None
4.705765999999585,4.720726999999897,0.014961000000312197,core 1 cpu_idle,0.00040980572760855155
4.720726999999897,4.808755999999903,0.08802900000000591,core 1 cpu_frequency,None
4.808755999999903,4.830716999999822,0.021960999999919295,core 1 cpu_idle,0.0006015469275977894
4.830716999999822,4.861134999999649,0.03041799999982686,core 1 cpu_frequency,None
4.861134999999649,5.280741999999918,0.4196070000002692,core 1 cpu_idle,0.011493707101207373
5.280741999999918,5.281123999999636,0.00038199999971766374,core 1 cpu_frequency,None
5.281123999999636,5.3114989999999125,0.030375000000276486,core 1 cpu_idle,0.0008320198500075734
5.3114989999999125,5.312629000000015,0.001130000000102882,core 1 cpu_frequency,None
5.312629000000015,6.060739000000012,0.7481099999999969,core 1 cpu_idle,0.020491929875999914
6.060739000000012,6.062117999999828,0.001378999999815278,core 1 cpu_frequency,None
6.062117999999828,6.066147000000001,0.004029000000173255,core 1 cpu_idle,0.00011036075640474573
6.066147000000001,6.066560999999638,0.0004139999996368715,core 1 cpu_frequency,None
6.066560999999638,6.07090799999969,0.004347000000052503,core 1 cpu_idle,0.00011907128520143815
6.07090799999969,6.0709359999996195,2.7999999929306796e-05,core 1 cpu_frequency,None
6.0709359999996195,6.165322999999717,0.09438700000009703,core 1 cpu_idle,0.0025854109492026577
6.165322999999717,6.1962399999997615,0.030917000000044936,core 1 cpu_frequency,None
6.1962399999997615,9.100696999999855,2.904457000000093,core 1 cpu_idle,0.07955772436120255
9.100696999999855,9.110795999999937,0.010099000000082015,core 1 cpu_frequency,None
9.110795999999937,9.110871999999745,7.599999980811845e-05,core 1 cpu_frequency,None
9.110871999999745,9.412773000000016,0.30190100000027087,core 1 cpu_idle,0.00826955143160742
9.412773000000016,9.413849000000027,0.0010760000000118453,core 1 cpu_frequency,None
9.413849000000027,9.42837899999995,0.014529999999922438,core 1 cpu_idle,0.0003979999479978754
9.42837899999995,9.43036099999972,0.0019819999997707782,core 1 cpu_frequency,None
9.43036099999972,9.430699999999888,0.0003390000001672888,core 1 cpu_idle,9.285752404582308e-06
9.430699999999888,9.430746,4.600000011123484e-05,core 1 cpu_frequency,None
9.430746,9.442363999999998,0.011617999999998574,core 1 cpu_idle,0.0003182356087999609
9.442363999999998,9.442409999999654,4.599999965648749e-05,core 1 cpu_frequency,None
9.442409999999654,9.510715999999775,0.06830600000012055,core 1 cpu_idle,0.001871010629603302
9.510715999999775,9.5107909999997,7.499999992433004e-05,core 1 cpu_frequency,None
9.5107909999997,9.511172999999872,0.0003820000001724111,core 1 cpu_idle,1.0463591204722615e-05
9.511172999999872,9.511559000000034,0.00038600000016231206,core 1 cpu_frequency,None
9.511559000000034,9.521540999999615,0.009981999999581603,core 1 cpu_idle,0.00027342295118853944
9.521540999999615,9.52166699999998,0.0001260000003640016,core 1 cpu_frequency,None
9.52166699999998,9.521805999999742,0.00013899999976274557,core 1 cpu_frequency,None
9.521805999999742,9.532048000000032,0.010242000000289408,core 1 cpu_idle,0.00028054476720792737
9.532048000000032,9.532155999999759,0.00010799999972732621,core 1 cpu_frequency,None
9.532155999999759,9.532410999999684,0.0002549999999246211,core 1 cpu_frequency,None
9.532410999999684,9.532445999999709,3.500000002532033e-05,core 1 cpu_frequency,None
9.532445999999709,9.532619999999952,0.00017400000024281326,core 1 cpu_frequency,None
9.532619999999952,9.532845999999608,0.00022599999965677853,core 1 cpu_frequency,None
9.532845999999608,9.53315799999973,0.0003120000001217704,core 1 cpu_frequency,None
9.53315799999973,9.533167999999932,1.0000000202126103e-05,core 1 cpu_idle,2.7391600553655733e-07
9.533167999999932,9.533186999999998,1.900000006571645e-05,core 1 cpu_frequency,None
9.533186999999998,9.533212999999705,2.5999999706982635e-05,core 1 cpu_idle,7.121815919737855e-07
9.533212999999705,9.533327999999983,0.0001150000002780871,core 1 cpu_frequency,None
9.533327999999983,9.533359000000019,3.100000003541936e-05,core 1 cpu_idle,8.491396009701929e-07
9.533359000000019,9.533486999999695,0.00012799999967683107,core 1 cpu_frequency,None
9.533486999999695,9.533676000000014,0.00018900000031862874,core 1 cpu_frequency,None
9.533676000000014,9.535527000000002,0.0018509999999878346,core 1 cpu_frequency,None
9.535527000000002,9.535562999999911,3.599999990910874e-05,core 1 cpu_frequency,None
9.535562999999911,9.5359169999997,0.00035399999978835694,core 1 cpu_idle,9.696626394202758e-06
9.5359169999997,9.536251999999877,0.00033500000017738785,core 1 cpu_frequency,None
9.536251999999877,9.536274999999932,2.300000005561742e-05,core 1 cpu_idle,6.300068015234501e-07
9.536274999999932,9.536425999999665,0.0001509999997324485,core 1 cpu_frequency,None
9.536425999999665,9.536845999999969,0.000420000000303844,core 1 cpu_idle,1.1504472008322773e-05
9.536845999999969,9.536981999999625,0.000135999999656633,core 1 cpu_frequency,None
9.536981999999625,9.53729499999963,0.00031300000000555883,core 1 cpu_idle,8.573570800152266e-06
9.53729499999963,9.537422999999762,0.00012800000013157842,core 1 cpu_frequency,None
9.537422999999762,9.5374869999996,6.399999983841553e-05,core 1 cpu_frequency,None
9.5374869999996,9.537608999999975,0.00012200000037410064,core 1 cpu_frequency,None
9.537608999999975,9.537994999999682,0.0003859999997075647,core 1 cpu_frequency,None
9.537994999999682,9.538061999999627,6.69999999445281e-05,core 1 cpu_idle,1.8352371984805358e-06
9.538061999999627,9.538194999999632,0.0001330000000052678,core 1 cpu_frequency,None
9.538194999999632,9.538227000000006,3.200000037395512e-05,core 1 cpu_frequency,None
9.538227000000006,9.538343999999597,0.00011699999959091656,core 1 cpu_frequency,None
9.538343999999597,9.53897999999981,0.0006360000002132438,core 1 cpu_frequency,None
9.53897999999981,9.539266999999654,0.00028699999984382885,core 1 cpu_frequency,None
9.539266999999654,9.540101999999933,0.0008350000002792513,core 1 cpu_frequency,None
9.540101999999933,9.540102999999817,9.99999883788405e-07,core 1 cpu_frequency,None
9.540102999999817,9.540121,1.8000000181928044e-05,core 1 cpu_idle,4.930488049833002e-07
9.540121,9.540215999999873,9.49999998738349e-05,core 1 cpu_frequency,None
9.540215999999873,9.5402339999996,1.7999999727180693e-05,core 1 cpu_frequency,None
9.5402339999996,9.540265999999974,3.200000037395512e-05,core 1 cpu_idle,8.765312102432289e-07
9.540265999999974,9.541120999999748,0.0008549999997740088,core 1 cpu_frequency,None
9.541120999999748,9.544320999999854,0.003200000000106229,core 1 cpu_idle,8.765312000290977e-05
9.544320999999854,9.54433999999992,1.900000006571645e-05,core 1 cpu_frequency,None
9.54433999999992,9.544370999999956,3.100000003541936e-05,core 1 cpu_idle,8.491396009701929e-07
9.544370999999956,9.54445399999986,8.299999990413198e-05,core 1 cpu_frequency,None
9.54445399999986,9.544491999999991,3.80000001314329e-05,core 1 cpu_frequency,None
9.544491999999991,9.54459799999995,0.0001059999999597494,core 1 cpu_idle,2.9035095988974718e-06
9.54459799999995,9.54479399999991,0.00019599999995989492,core 1 cpu_frequency,None
9.54479399999991,9.544889999999668,9.59999997576233e-05,core 1 cpu_frequency,None
9.544889999999668,9.544969999999921,8.000000025276677e-05,core 1 cpu_idle,2.191328006923686e-06
9.544969999999921,9.545076999999765,0.00010699999984353781,core 1 cpu_frequency,None
9.545076999999765,9.54531199999974,0.00023499999997511622,core 1 cpu_frequency,None
9.54531199999974,9.55048799999986,0.005176000000119529,core 1 cpu_idle,0.0001417789216032741
9.55048799999986,9.55052999999998,4.200000012133387e-05,core 1 cpu_frequency,None
9.55052999999998,9.666765999999825,0.11623599999984435,core 1 cpu_idle,0.0031838900175957365
9.666765999999825,9.669121999999788,0.0023559999999633874,core 1 cpu_frequency,None
9.669121999999788,9.6697479999998,0.0006260000000111177,core 1 cpu_idle,1.714714160030453e-05
9.6697479999998,9.671109999999771,0.0013619999999718857,core 1 cpu_frequency,None
9.671109999999771,9.698210999999901,0.027101000000129716,core 1 cpu_idle,0.0007423397516035531
9.698210999999901,9.698211999999785,9.99999883788405e-07,core 1 cpu_frequency,None
9.698211999999785,9.698448999999982,0.00023700000019744039,core 1 cpu_idle,6.491809205408208e-06
9.698448999999982,9.698493999999755,4.4999999772699084e-05,core 1 cpu_frequency,None
9.698493999999755,9.698609000000033,0.0001150000002780871,core 1 cpu_idle,3.1500340076172504e-06
9.698609000000033,9.698667999999998,5.899999996472616e-05,core 1 cpu_frequency,None
9.698667999999998,9.698747999999796,7.999999979801942e-05,core 1 cpu_frequency,None
9.698747999999796,9.69875699999966,8.999999863590347e-06,core 1 cpu_idle,2.4652439626352134e-07
9.69875699999966,9.69883499999969,7.80000000304426e-05,core 1 cpu_frequency,None
9.69883499999969,9.698863999999958,2.900000026784255e-05,core 1 cpu_frequency,None
9.698863999999958,9.69891299999972,4.8999999762600055e-05,core 1 cpu_idle,1.3421883934972356e-06
9.69891299999972,9.699318999999832,0.0004060000001118169,core 1 cpu_frequency,None
9.699318999999832,9.85017199999993,0.15085300000009738,core 1 cpu_idle,0.004132105034802667
9.85017199999993,9.850228999999672,5.6999999742402e-05,core 1 cpu_frequency,None
9.850228999999672,9.850815999999668,0.0005869999999958964,core 1 cpu_idle,1.6078869199887593e-05
9.850815999999668,9.850940999999693,0.00012500000002546585,core 1 cpu_frequency,None
9.850940999999693,11.066696999999749,1.2157560000000558,core 1 cpu_idle,0.03330150204960153
11.066696999999749,11.066969999999856,0.0002730000001065491,core 1 cpu_frequency,None
11.066969999999856,11.070722999999816,0.0037529999999605934,core 1 cpu_idle,0.00010280067479892059
11.070722999999816,11.070864999999685,0.00014199999986885814,core 1 cpu_frequency,None
11.070864999999685,14.80364099999997,3.7327760000002854,core 1 cpu_idle,0.10224670708160781
14.80364099999997,14.8054089999996,0.0017679999996289553,core 1 cpu_frequency,None
14.8054089999996,14.807018999999855,0.0016100000002552406,core 1 cpu_frequency,None
14.807018999999855,19.990745999999945,5.18372700000009,core 1 cpu_idle,0.14199057649320246
19.990745999999945,19.99209099999962,0.001344999999673746,core 1 cpu_frequency,None
19.99209099999962,20.11072699999977,0.1186360000001514,core 1 cpu_idle,0.003249629857604147
20.11072699999977,20.111449999999877,0.0007230000001072767,core 1 cpu_frequency,None
20.111449999999877,20.141961999999694,0.030511999999816908,core 1 cpu_idle,0.0008357724991949848
20.141961999999694,20.23412099999996,0.09215900000026522,core 1 cpu_frequency,None
20.23412099999996,29.94044199999962,9.706320999999662,core 1 cpu_idle,0.2658716623035907
29.94044199999962,29.940650000000005,0.00020800000038434519,core 1 cpu_frequency,None
29.940650000000005,29.940865999999914,0.00021599999990939978,core 1 cpu_idle,5.916585597518314e-06
29.940865999999914,29.941127999999935,0.0002620000000206346,core 1 cpu_frequency,None
29.941127999999935,29.94516399999975,0.004035999999814521,core 1 cpu_idle,0.00011055249759491943
29.94516399999975,29.94522599999982,6.200000007083872e-05,core 1 cpu_frequency,None
29.94522599999982,129.1607729999996,99.21554699999979,core 1 cpu_idle,2.717672577205194
129.1607729999996,129.16195500000003,0.001182000000426342,core 1 cpu_frequency,None
129.16195500000003,129.19239500000003,0.03043999999999869,core 1 cpu_idle,0.0008338003039999641
129.19239500000003,129.19300299999986,0.0006079999998291896,core 1 cpu_frequency,None
129.19300299999986,181.433,52.23999700000013,core 1 cpu_idle,1.4309371018252035
0.0,1.567004999999881,1.567004999999881,core 2 cpu_idle start,0.04292277415799674
1.567004999999881,1.9619749999997111,0.3949699999998302,core 2 cpu_idle,0.010818860251995348
1.9619749999997111,2.0112739999999576,0.04929900000024645,core 2 cpu_frequency,None
2.0112739999999576,2.0307169999996404,0.019442999999682797,core 2 cpu_idle,0.0005325748787913113
2.0307169999996404,2.035489999999754,0.004773000000113825,core 2 cpu_frequency,None
2.035489999999754,4.61965599999985,2.5841660000000957,core 2 cpu_idle,0.07078444140560261
4.61965599999985,4.630816999999752,0.011160999999901833,core 2 cpu_frequency,None
4.630816999999752,4.630984999999782,0.00016800000003058813,core 2 cpu_frequency,None
4.630984999999782,4.704526999999871,0.07354200000008859,core 2 cpu_frequency,None
4.704526999999871,4.720727999999781,0.016200999999909982,core 2 cpu_frequency,None
4.720727999999781,4.723246000000017,0.0025180000002364977,core 2 cpu_frequency,None
4.723246000000017,4.830716999999822,0.10747099999980492,core 2 cpu_idle,0.002943802643594656
4.830716999999822,4.882976999999755,0.052259999999932916,core 2 cpu_frequency,None
4.882976999999755,5.280743999999686,0.3977669999999307,core 2 cpu_idle,0.0108954745571981
5.280743999999686,5.292790999999852,0.012047000000166008,core 2 cpu_frequency,None
5.292790999999852,5.3114989999999125,0.018708000000060565,core 2 cpu_idle,0.000512442052801659
5.3114989999999125,5.381133999999747,0.06963499999983469,core 2 cpu_frequency,None
5.381133999999747,6.060739000000012,0.6796050000002651,core 2 cpu_idle,0.018615468318007262
6.060739000000012,6.0633889999999155,0.0026499999999032298,core 2 cpu_frequency,None
6.0633889999999155,6.066147999999885,0.0027589999999690917,core 2 cpu_idle,7.557342439915337e-05
6.066147999999885,6.070909000000029,0.004761000000144122,core 2 cpu_frequency,None
6.070909000000029,6.079283999999916,0.008374999999887223,core 2 cpu_frequency,None
6.079283999999916,6.165322999999717,0.08603899999980058,core 2 cpu_idle,0.0023567458723945376
6.165322999999717,6.197959999999966,0.03263700000024983,core 2 cpu_frequency,None
6.197959999999966,9.100697999999738,2.902737999999772,core 2 cpu_idle,0.07951063820079375
9.100697999999738,9.102560999999696,0.0018629999999575375,core 2 cpu_frequency,None
9.102560999999696,9.11079699999982,0.008236000000124477,core 2 cpu_idle,0.00022559721760340962
9.11079699999982,9.118579999999838,0.007783000000017637,core 2 cpu_frequency,None
9.118579999999838,9.4127739999999,0.29419400000006135,core 2 cpu_idle,0.00805844437040168
9.4127739999999,9.413740999999845,0.0009669999999459833,core 2 cpu_frequency,None
9.413740999999845,9.428379999999834,0.0146389999999883,core 2 cpu_idle,0.0004009856323996795
9.428379999999834,9.43012699999963,0.001746999999795662,core 2 cpu_frequency,None
9.43012699999963,9.430699999999888,0.0005730000002586166,core 2 cpu_idle,1.5695386807083923e-05
9.430699999999888,9.434328999999707,0.003628999999818916,core 2 cpu_frequency,None
9.434328999999707,9.442363999999998,0.008035000000290893,core 2 cpu_idle,0.000220091506007968
9.442363999999998,9.44240499999978,4.099999978279811e-05,core 2 cpu_frequency,None
9.44240499999978,9.510715999999775,0.06831099999999424,core 2 cpu_idle,0.0018711475875998421
9.510715999999775,9.51075899999978,4.3000000005122274e-05,core 2 cpu_frequency,None
9.51075899999978,9.511172999999872,0.00041400000009161886,core 2 cpu_idle,1.1340122402509586e-05
9.511172999999872,9.51142899999968,0.0002559999998084095,core 2 cpu_frequency,None
9.51142899999968,9.521540999999615,0.010111999999935506,core 2 cpu_idle,0.0002769838591982334
9.521540999999615,9.521667999999863,0.00012700000024779,core 2 cpu_frequency,None
9.521667999999863,9.521884999999656,0.00021699999979318818,core 2 cpu_frequency,None
9.521884999999656,9.532048999999915,0.010164000000258966,core 2 cpu_idle,0.00027840822240709346
9.532048999999915,9.532110999999986,6.200000007083872e-05,core 2 cpu_frequency,None
9.532110999999986,9.532156999999643,4.599999965648749e-05,core 2 cpu_idle,1.2600135905906426e-06
9.532156999999643,9.532412000000022,0.00025500000037936843,core 2 cpu_frequency,None
9.532412000000022,9.532445999999709,3.399999968678458e-05,core 2 cpu_frequency,None
9.532445999999709,9.53257799999983,0.0001320000001214794,core 2 cpu_frequency,None
9.53257799999983,9.532620999999835,4.3000000005122274e-05,core 2 cpu_idle,1.1778388001403073e-06
9.532620999999835,9.532845999999608,0.00022499999977299012,core 2 cpu_frequency,None
9.532845999999608,9.533000999999786,0.0001550000001770968,core 2 cpu_frequency,None
9.533000999999786,9.533167999999932,0.00016700000014679972,core 2 cpu_idle,4.574397204021079e-06
9.533167999999932,9.533213999999589,4.599999965648749e-05,core 2 cpu_frequency,None
9.533213999999589,9.533338999999614,0.00012500000002546585,core 2 cpu_frequency,None
9.533338999999614,9.533359000000019,2.0000000404252205e-05,core 2 cpu_idle,5.478320110731147e-07
9.533359000000019,9.533488000000034,0.00012900000001536682,core 2 cpu_frequency,None
9.533488000000034,9.533552999999756,6.499999972220394e-05,core 2 cpu_frequency,None
9.533552999999756,9.533676000000014,0.00012300000025788904,core 2 cpu_idle,3.369166807063993e-06
9.533676000000014,9.533746999999948,7.099999993442907e-05,core 2 cpu_frequency,None
9.533746999999948,9.535527999999886,0.001780999999937194,core 2 cpu_idle,4.878443959827964e-05
9.535527999999886,9.53561499999978,8.699999989403295e-05,core 2 cpu_frequency,None
9.53561499999978,9.535917999999583,0.00030299999980343273,core 2 cpu_idle,8.299654794615708e-06
9.535917999999583,9.5362769999997,0.00035900000011679367,core 2 cpu_frequency,None
9.5362769999997,9.536307999999735,3.100000003541936e-05,core 2 cpu_frequency,None
9.536307999999735,9.536845999999969,0.0005380000002332963,core 2 cpu_idle,1.4736680806390358e-05
9.536845999999969,9.53729499999963,0.00044899999966219184,core 2 cpu_frequency,None
9.53729499999963,9.537423999999646,0.00012900000001536682,core 2 cpu_frequency,None
9.537423999999646,9.53748799999994,6.400000029316288e-05,core 2 cpu_frequency,None
9.53748799999994,9.537609999999859,0.00012199999991935329,core 2 cpu_frequency,None
9.537609999999859,9.537796999999955,0.00018700000009630457,core 2 cpu_frequency,None
9.537796999999955,9.538061999999627,0.00026499999967199983,core 2 cpu_idle,7.25877399101555e-06
9.538061999999627,9.53819599999997,0.00013400000034380355,core 2 cpu_frequency,None
9.53819599999997,9.538227000000006,3.100000003541936e-05,core 2 cpu_frequency,None
9.538227000000006,9.538344999999936,0.00011799999992945231,core 2 cpu_frequency,None
9.538344999999936,9.53843199999983,8.699999989403295e-05,core 2 cpu_frequency,None
9.53843199999983,9.538980999999694,0.0005489999998644635,core 2 cpu_idle,1.5037988396287437e-05
9.538980999999694,9.539009999999962,2.900000026784255e-05,core 2 cpu_frequency,None
9.539009999999962,9.539267999999993,0.00025800000003073364,core 2 cpu_idle,7.067032800841843e-06
9.539267999999993,9.539294999999584,2.699999959077104e-05,core 2 cpu_frequency,None
9.539294999999584,9.53973599999972,0.00044100000013713725,core 2 cpu_idle,1.2079695603756408e-05
9.53973599999972,9.539894000000004,0.00015800000028320937,core 2 cpu_frequency,None
9.539894000000004,9.540102999999817,0.00020899999981338624,core 2 cpu_idle,5.72484439488835e-06
9.540102999999817,9.540121999999883,1.900000006571645e-05,core 2 cpu_frequency,None
9.540121999999883,9.540215999999873,9.399999999004649e-05,core 2 cpu_frequency,None
9.540215999999873,9.540268999999626,5.2999999752501026e-05,core 2 cpu_frequency,None
9.540268999999626,9.540301,3.200000037395512e-05,core 2 cpu_frequency,None
9.540301,9.544320999999854,0.004019999999854917,core 2 cpu_idle,0.00011011423199602596
9.544320999999854,9.54437199999984,5.0999999984924216e-05,core 2 cpu_frequency,None
9.54437199999984,9.544455999999627,8.399999978792039e-05,core 2 cpu_frequency,None
9.544455999999627,9.54459799999995,0.0001420000003236055,core 2 cpu_frequency,None
9.54459799999995,9.544794999999795,0.00019699999984368333,core 2 cpu_frequency,None
9.544794999999795,9.544969999999921,0.00017500000012660166,core 2 cpu_frequency,None
9.544969999999921,9.545032999999876,6.299999995462713e-05,core 2 cpu_frequency,None
9.545032999999876,9.545076999999765,4.399999988891068e-05,core 2 cpu_idle,1.2052303969570857e-06
9.545076999999765,9.545321999999942,0.00024500000017724233,core 2 cpu_frequency,None
9.545321999999942,9.55048799999986,0.005165999999917403,core 2 cpu_idle,0.00014150500559773755
9.55048799999986,9.55237599999964,0.0018879999997807317,core 2 cpu_frequency,None
9.55237599999964,9.666765999999825,0.11439000000018495,core 2 cpu_idle,0.003133325124005066
9.666765999999825,9.677541999999903,0.010776000000078056,core 2 cpu_frequency,None
9.677541999999903,9.698210999999901,0.02066899999999805,core 2 cpu_idle,0.0005661569803999465
9.698210999999901,9.69853699999976,0.00032599999985905015,core 2 cpu_frequency,None
9.69853699999976,9.698609999999917,7.300000015675323e-05,core 2 cpu_idle,1.9995868042937217e-06
9.698609999999917,9.698635999999624,2.5999999706982635e-05,core 2 cpu_frequency,None
9.698635999999624,9.698667999999998,3.200000037395512e-05,core 2 cpu_idle,8.765312102432289e-07
9.698667999999998,9.698836999999912,0.00016899999991437653,core 2 cpu_frequency,None
9.698836999999912,9.69891299999972,7.599999980811845e-05,core 2 cpu_frequency,None
9.69891299999972,9.69985299999962,0.0009399999999004649,core 2 cpu_frequency,None
9.69985299999962,9.850172999999813,0.15032000000019252,core 2 cpu_idle,0.004117505312005274
9.850172999999813,9.850817000000006,0.0006440000001930457,core 2 cpu_frequency,None
9.850817000000006,9.924318999999741,0.07350199999973484,core 2 cpu_frequency,None
9.924318999999741,11.066696999999749,1.1423780000000079,core 2 cpu_idle,0.031291561224800216
11.066696999999749,11.0707239999997,0.004026999999950931,core 2 cpu_frequency,None
11.0707239999997,11.070867999999791,0.0001440000000911823,core 2 cpu_frequency,None
11.070867999999791,14.80364099999997,3.7327730000001793,core 2 cpu_idle,0.1022466249068049
14.80364099999997,14.805409999999938,0.001768999999967491,core 2 cpu_frequency,None
14.805409999999938,14.808306999999786,0.002896999999848049,core 2 cpu_frequency,None
14.808306999999786,19.99074699999983,5.182440000000042,core 2 cpu_idle,0.14195532350400114
19.99074699999983,20.041345999999976,0.0505990000001475,core 2 cpu_frequency,None
20.041345999999976,20.11072699999977,0.06938099999979386,core 2 cpu_idle,0.0019004565995943534
20.11072699999977,20.119935999999598,0.009208999999827938,core 2 cpu_frequency,None
20.119935999999598,20.141963000000032,0.022027000000434782,core 2 cpu_idle,0.0006033547732119094
20.141963000000032,20.24759899999981,0.10563599999977669,core 2 cpu_frequency,None
20.24759899999981,29.94044299999996,9.69284400000015,core 2 cpu_idle,0.2655025057104041
29.94044299999996,29.940570999999636,0.00012799999967683107,core 2 cpu_frequency,None
29.940570999999636,29.940865999999914,0.00029500000027837814,core 2 cpu_idle,8.080522007625223e-06
29.940865999999914,29.942814,0.0019480000000839937,core 2 cpu_frequency,None
29.942814,29.945164999999633,0.0023509999996349507,core 2 cpu_idle,6.43976515900007e-05
29.945164999999633,29.946522999999615,0.0013579999999819847,core 2 cpu_frequency,None
29.946522999999615,129.1607729999996,99.21424999999999,core 2 cpu_idle,2.7176370502999996
129.1607729999996,129.17467199999965,0.013899000000037631,core 2 cpu_frequency,None
129.17467199999965,129.19239599999992,0.01772400000027119,core 2 cpu_idle,0.0004854887184074283
129.19239599999992,129.19246199999998,6.60000000607397e-05,core 2 cpu_frequency,None
129.19246199999998,181.433,52.240538000000015,core 2 cpu_idle,1.4309519206808003
0.0,1.6967079999999441,1.6967079999999441,core 3 cpu_idle start,0.04647554685279847
1.6967079999999441,1.9619749999997111,0.265266999999767,core 3 cpu_idle,0.007266087557193617
1.9619749999997111,1.964546999999584,0.002571999999872787,core 3 cpu_frequency,None
1.964546999999584,2.030717999999979,0.066171000000395,core 3 cpu_idle,0.0018125295636108195
2.030717999999979,2.3114739999996345,0.2807559999996556,core 3 cpu_frequency,None
2.3114739999996345,4.61965599999985,2.3081820000002153,core 3 cpu_idle,0.0632247980712059
4.61965599999985,4.630816999999752,0.011160999999901833,core 3 cpu_frequency,None
4.630816999999752,4.630985999999666,0.00016899999991437653,core 3 cpu_frequency,None
4.630985999999666,4.704529999999977,0.07354400000031092,core 3 cpu_frequency,None
4.704529999999977,4.704563999999664,3.399999968678458e-05,core 3 cpu_frequency,None
4.704563999999664,4.720728999999665,0.016165000000000873,core 3 cpu_idle,0.0004427852140000239
4.720728999999665,4.799745999999686,0.07901700000002165,core 3 cpu_frequency,None
4.799745999999686,4.830716999999822,0.030971000000135973,core 3 cpu_idle,0.0008483452436037245
4.830716999999822,4.92707399999972,0.09635699999989811,core 3 cpu_frequency,None
4.92707399999972,5.2807450000000244,0.35367100000030405,core 3 cpu_idle,0.009687614563608327
5.2807450000000244,5.3114989999999125,0.030753999999888038,core 3 cpu_frequency,None
5.3114989999999125,5.513308999999936,0.20181000000002314,core 3 cpu_frequency,None
5.513308999999936,6.060739999999896,0.5474309999999605,core 3 cpu_idle,0.014995010979598917
6.060739999999896,6.066148999999768,0.0054089999998723215,core 3 cpu_frequency,None
6.066148999999768,6.070909000000029,0.004760000000260334,core 3 cpu_frequency,None
6.070909000000029,6.165322999999717,0.0944139999996878,core 3 cpu_frequency,None
6.165322999999717,6.5170429999998305,0.35172000000011394,core 3 cpu_frequency,None
6.5170429999998305,9.100697999999738,2.583654999999908,core 3 cpu_idle,0.07077044429799748
9.100697999999738,9.11079699999982,0.010099000000082015,core 3 cpu_frequency,None
9.11079699999982,9.133954999999787,0.023157999999966705,core 3 cpu_frequency,None
9.133954999999787,9.4127739999999,0.2788190000001123,core 3 cpu_idle,0.0076372985204030755
9.4127739999999,9.414033999999901,0.0012600000000020373,core 3 cpu_frequency,None
9.414033999999901,9.428379999999834,0.014345999999932246,core 3 cpu_idle,0.0003929598935981441
9.428379999999834,9.430700999999772,0.002320999999938067,core 3 cpu_frequency,None
9.430700999999772,9.442364999999882,0.011664000000109809,core 3 cpu_frequency,None
9.442364999999882,9.50236199999972,0.05999699999983932,core 3 cpu_frequency,None
9.50236199999972,9.510716999999659,0.008354999999937718,core 3 cpu_idle,0.00022885681799829398
9.510716999999659,9.510791999999583,7.499999992433004e-05,core 3 cpu_frequency,None
9.510791999999583,9.511173999999755,0.0003820000001724111,core 3 cpu_idle,1.0463591204722615e-05
9.511173999999755,9.511606000000029,0.0004320000002735469,core 3 cpu_frequency,None
9.511606000000029,9.521540999999615,0.00993499999958658,core 3 cpu_idle,0.0002721355459886758
9.521540999999615,9.521668999999747,0.00012800000013157842,core 3 cpu_frequency,None
9.521668999999747,9.521938999999747,0.00027000000000043656,core 3 cpu_frequency,None
9.521938999999747,9.532048999999915,0.010110000000167929,core 3 cpu_idle,0.00027692907600459983
9.532048999999915,9.532158999999865,0.00010999999994965037,core 3 cpu_frequency,None
9.532158999999865,9.532412999999906,0.0002540000000408327,core 3 cpu_frequency,None
9.532412999999906,9.532445999999709,3.299999980299617e-05,core 3 cpu_frequency,None
9.532445999999709,9.53262199999972,0.00017600000001039007,core 3 cpu_frequency,None
9.53262199999972,9.532846999999947,0.00022500000022773747,core 3 cpu_frequency,None
9.532846999999947,9.533046000000013,0.0001990000000660075,core 3 cpu_frequency,None
9.533046000000013,9.533168999999816,0.0001229999998031417,core 3 cpu_idle,3.369166794607736e-06
9.533168999999816,9.533213999999589,4.4999999772699084e-05,core 3 cpu_frequency,None
9.533213999999589,9.533359000000019,0.00014500000042971806,core 3 cpu_frequency,None
9.533359000000019,9.533488999999918,0.00012999999989915523,core 3 cpu_frequency,None
9.533488999999918,9.533676999999898,0.00018799999998009298,core 3 cpu_frequency,None
9.533676999999898,9.534765999999763,0.0010889999998653366,core 3 cpu_frequency,None
9.534765999999763,9.53552899999977,0.0007630000000062864,core 3 cpu_idle,2.0899790800172193e-05
9.53552899999977,9.535918999999922,0.00039000000015221303,core 3 cpu_frequency,None
9.535918999999922,9.536049999999705,0.00013099999978294363,core 3 cpu_frequency,None
9.536049999999705,9.536277999999584,0.0002279999998791027,core 3 cpu_idle,6.245284796688429e-06
9.536277999999584,9.53634299999976,6.500000017695129e-05,core 3 cpu_frequency,None
9.53634299999976,9.536846999999852,0.0005040000000917644,core 3 cpu_idle,1.3805366402513572e-05
9.536846999999852,9.53729599999997,0.0004490000001169392,core 3 cpu_frequency,None
9.53729599999997,9.537424999999985,0.00012900000001536682,core 3 cpu_frequency,None
9.537424999999985,9.53748799999994,6.299999995462713e-05,core 3 cpu_frequency,None
9.53748799999994,9.537610999999742,0.0001229999998031417,core 3 cpu_frequency,None
9.537610999999742,9.537889999999607,0.0002789999998640269,core 3 cpu_frequency,None
9.537889999999607,9.538061999999627,0.0001720000000204891,core 3 cpu_idle,4.711355200561229e-06
9.538061999999627,9.538079999999809,1.8000000181928044e-05,core 3 cpu_frequency,None
9.538079999999809,9.538196999999855,0.00011700000004566391,core 3 cpu_idle,3.2048172012508076e-06
9.538196999999855,9.538227000000006,3.0000000151630957e-05,core 3 cpu_frequency,None
9.538227000000006,9.538344999999936,0.00011799999992945231,core 3 cpu_frequency,None
9.538344999999936,9.538634000000002,0.000289000000066153,core 3 cpu_frequency,None
9.538634000000002,9.538980999999694,0.0003469999996923434,core 3 cpu_idle,9.504885191572793e-06
9.538980999999694,9.539107999999942,0.00012700000024779,core 3 cpu_frequency,None
9.539107999999942,9.539268999999877,0.0001609999999345746,core 3 cpu_idle,4.4100475982078934e-06
9.539268999999877,9.539503999999852,0.00023499999997511622,core 3 cpu_frequency,None
9.539503999999852,9.53973599999972,0.00023199999986900366,core 3 cpu_idle,6.354851196411801e-06
9.53973599999972,9.539807999999994,7.200000027296483e-05,core 3 cpu_frequency,None
9.539807999999994,9.540103999999701,0.0002959999997074192,core 3 cpu_idle,8.107913591985743e-06
9.540103999999701,9.540121999999883,1.8000000181928044e-05,core 3 cpu_frequency,None
9.540121999999883,9.540215999999873,9.399999999004649e-05,core 3 cpu_frequency,None
9.540215999999873,9.540269999999964,5.400000009103678e-05,core 3 cpu_frequency,None
9.540269999999964,9.54077099999995,0.0005009999999856518,core 3 cpu_frequency,None
9.54077099999995,9.544320999999854,0.003549999999904685,core 3 cpu_idle,9.724017999738917e-05
9.544320999999854,9.544373999999607,5.2999999752501026e-05,core 3 cpu_frequency,None
9.544373999999607,9.544456999999966,8.300000035887933e-05,core 3 cpu_frequency,None
9.544456999999966,9.54459799999995,0.00014099999998506973,core 3 cpu_frequency,None
9.54459799999995,9.544794999999795,0.00019699999984368333,core 3 cpu_frequency,None
9.544794999999795,9.544969999999921,0.00017500000012660166,core 3 cpu_frequency,None
9.544969999999921,9.545076999999765,0.00010699999984353781,core 3 cpu_frequency,None
9.545076999999765,9.550488999999743,0.005411999999978434,core 3 cpu_frequency,None
9.550488999999743,9.55104399999982,0.0005550000000766886,core 3 cpu_frequency,None
9.55104399999982,9.666765999999825,0.11572200000000521,core 3 cpu_idle,0.0031698107352001424
9.666765999999825,9.668012999999974,0.001247000000148546,core 3 cpu_frequency,None
9.668012999999974,9.6697479999998,0.001734999999825959,core 3 cpu_idle,4.7524425995232736e-05
9.6697479999998,9.685212999999749,0.015464999999949214,core 3 cpu_frequency,None
9.685212999999749,9.698211999999785,0.012999000000036176,core 3 cpu_idle,0.0003560634084009909
9.698211999999785,9.6986109999998,0.0003990000000158034,core 3 cpu_frequency,None
9.6986109999998,9.698668999999882,5.800000008093775e-05,core 3 cpu_frequency,None
9.698668999999882,9.698837999999796,0.00016899999991437653,core 3 cpu_frequency,None
9.698837999999796,9.698913999999604,7.599999980811845e-05,core 3 cpu_frequency,None
9.698913999999604,9.699097999999594,0.000183999999990192,core 3 cpu_frequency,None
9.699097999999594,9.850173999999697,0.1510760000001028,core 3 cpu_idle,0.004138213361602815
9.850173999999697,9.85081799999989,0.0006440000001930457,core 3 cpu_frequency,None
9.85081799999989,9.934606999999687,0.08378899999979694,core 3 cpu_frequency,None
9.934606999999687,11.066697999999633,1.1320909999999458,core 3 cpu_idle,0.031009783835598513
11.066697999999633,11.0707239999997,0.0040260000000671425,core 3 cpu_frequency,None
11.0707239999997,11.070868999999675,0.0001449999999749707,core 3 cpu_frequency,None
11.070868999999675,14.80364099999997,3.7327720000002955,core 3 cpu_idle,0.10224659751520809
14.80364099999997,14.805411999999706,0.0017709999997350678,core 3 cpu_frequency,None
14.805411999999706,14.942399999999907,0.13698800000020128,core 3 cpu_frequency,None
14.942399999999907,19.990747999999712,5.048347999999805,core 3 cpu_idle,0.13828232907679466
19.990747999999712,20.055633999999827,0.06488600000011502,core 3 cpu_frequency,None
20.055633999999827,20.11072699999977,0.05509299999994255,core 3 cpu_idle,0.0015090854187984263
20.11072699999977,20.1419649999998,0.031238000000030297,core 3 cpu_frequency,None
20.1419649999998,20.557448000000022,0.4154830000002221,core 3 cpu_frequency,None
20.557448000000022,29.94044299999996,9.382994999999937,core 3 cpu_idle,0.25701524584199825
29.94044299999996,29.9408669999998,0.0004239999998389976,core 3 cpu_frequency,None
29.9408669999998,29.945164999999633,0.004297999999835156,core 3 cpu_frequency,None
29.945164999999633,29.947793999999703,0.0026290000000699365,core 3 cpu_frequency,None
29.947793999999703,129.16077399999995,99.21298000000024,core 3 cpu_idle,2.7176022629680063
129.16077399999995,129.1923969999998,0.03162299999985407,core 3 cpu_frequency,None
129.1923969999998,129.44110499999988,0.24870800000007875,core 3 cpu_frequency,None
129.44110499999988,181.433,51.99189500000011,core 3 cpu_idle,1.424141191082003
0.0,1.5670979999999872,1.5670979999999872,core 4 cpu_idle start,0.042925321576799645
1.5670979999999872,1.9619779999998173,0.39487999999983003,core 4 cpu_idle,0.010816395007995343
1.9619779999998173,1.9619880000000194,1.0000000202126103e-05,core 4 cpu_frequency,None
1.9619880000000194,2.0507269999998243,0.08873899999980495,core 4 cpu_idle,0.002430703192394657
2.0507269999998243,2.1741799999999785,0.12345300000015413,core 4 cpu_frequency,None
2.1741799999999785,3.930699999999888,1.7565199999999095,core 4 cpu_idle,0.048113893231997516
3.930699999999888,3.930710999999974,1.1000000085914508e-05,core 4 cpu_frequency,None
3.930710999999974,3.952969999999823,0.02225899999984904,core 4 cpu_idle,0.0006097096243958649
3.952969999999823,3.9530179999997017,4.799999987881165e-05,core 4 cpu_frequency,None
3.9530179999997017,9.086203999999725,5.133186000000023,core 4 cpu_idle,0.14060617763760064
9.086203999999725,9.0862589999997,5.499999997482519e-05,core 4 cpu_frequency,None
9.0862589999997,9.090704999999616,0.004445999999916239,core 4 cpu_idle,0.00012178305359770566
9.090704999999616,9.090806999999586,0.00010199999996984843,core 4 cpu_frequency,None
9.090806999999586,9.110803999999916,0.019997000000330445,core 4 cpu_idle,0.0005477498252090514
9.110803999999916,9.110813999999664,9.999999747378752e-06,core 4 cpu_frequency,None
9.110813999999664,9.412793999999849,0.3019800000001851,core 4 cpu_idle,0.00827171536800507
9.412793999999849,9.412894999999935,0.00010100000008606003,core 4 cpu_frequency,None
9.412894999999935,9.428396999999677,0.015501999999742111,core 4 cpu_idle,0.00042462458319293597
9.428396999999677,9.430747999999767,0.002351000000089698,core 4 cpu_frequency,None
9.430747999999767,9.502228999999716,0.07148099999994884,core 4 cpu_idle,0.0019579789595985985
9.502228999999716,9.510357999999997,0.00812900000028094,core 4 cpu_frequency,None
9.510357999999997,9.511481999999887,0.001123999999890657,core 4 cpu_frequency,None
9.511481999999887,9.530710999999883,0.019228999999995722,core 4 cpu_idle,0.0005267130763998828
9.530710999999883,9.530741000000035,3.0000000151630957e-05,core 4 cpu_frequency,None
9.530741000000035,9.532056000000011,0.0013149999999768625,core 4 cpu_idle,3.601995399936622e-05
9.532056000000011,9.532164999999623,0.00010899999961111462,core 4 cpu_frequency,None
9.532164999999623,9.532349999999951,0.00018500000032872777,core 4 cpu_frequency,None
9.532349999999951,9.53336199999967,0.0010119999997186824,core 4 cpu_frequency,None
9.53336199999967,9.533494999999675,0.0001330000000052678,core 4 cpu_frequency,None
9.533494999999675,9.534658000000036,0.0011630000003606256,core 4 cpu_frequency,None
9.534658000000036,9.535534999999982,0.0008769999999458378,core 4 cpu_frequency,None
9.535534999999982,9.53685299999961,0.0013179999996282277,core 4 cpu_frequency,None
9.53685299999961,9.53729899999962,0.0004460000000108266,core 4 cpu_frequency,None
9.53729899999962,9.538160999999945,0.0008620000003247696,core 4 cpu_frequency,None
9.538160999999945,9.539230999999745,0.0010699999997996201,core 4 cpu_frequency,None
9.539230999999745,9.540995999999723,0.00176499999997759,core 4 cpu_frequency,None
9.540995999999723,9.544462999999723,0.003467000000000553,core 4 cpu_idle,9.496667720001514e-05
9.544462999999723,9.544470999999703,7.999999979801942e-06,core 4 cpu_frequency,None
9.544470999999703,9.550171999999748,0.005701000000044587,core 4 cpu_idle,0.0001561595116012213
9.550171999999748,9.550199999999677,2.7999999929306796e-05,core 4 cpu_frequency,None
9.550199999999677,9.551218999999946,0.0010190000002694433,core 4 cpu_idle,2.791204040738048e-05
9.551218999999946,9.552529999999933,0.0013109999999869615,core 4 cpu_frequency,None
9.552529999999933,9.552828999999747,0.00029899999981353176,core 4 cpu_frequency,None
9.552828999999747,9.560731999999916,0.007903000000169413,core 4 cpu_frequency,None
9.560731999999916,9.561056999999892,0.00032499999997526174,core 4 cpu_idle,8.90226999932238e-06
9.561056999999892,9.561354999999821,0.00029799999992974335,core 4 cpu_frequency,None
9.561354999999821,9.561408000000029,5.300000020724838e-05,core 4 cpu_frequency,None
9.561408000000029,9.562881999999718,0.0014739999996891129,core 4 cpu_idle,4.0375218391484305e-05
9.562881999999718,9.56290799999988,2.6000000161729986e-05,core 4 cpu_frequency,None
9.56290799999988,9.5641099999998,0.0012019999999210995,core 4 cpu_idle,3.292470319783879e-05
9.5641099999998,9.56431399999974,0.00020399999993969686,core 4 cpu_frequency,None
9.56431399999974,9.565451999999823,0.001138000000082684,core 4 cpu_idle,3.1171640802264845e-05
9.565451999999823,9.565680999999586,0.0002289999997628911,core 4 cpu_frequency,None
9.565680999999586,9.56577500000003,9.400000044479384e-05,core 4 cpu_idle,2.5748104121836147e-06
9.56577500000003,9.565856999999596,8.199999956559623e-05,core 4 cpu_frequency,None
9.565856999999596,9.566855000000032,0.00099800000043615,core 4 cpu_idle,2.7336816811946846e-05
9.566855000000032,9.56693099999984,7.599999980811845e-05,core 4 cpu_frequency,None
9.56693099999984,9.568442999999661,0.0015119999998205458,core 4 cpu_idle,4.141609919508446e-05
9.568442999999661,9.568685999999616,0.00024299999995491817,core 4 cpu_frequency,None
9.568685999999616,9.569764999999734,0.0010790000001179578,core 4 cpu_idle,2.955553640323105e-05
9.569764999999734,9.569823999999699,5.899999996472616e-05,core 4 cpu_frequency,None
9.569823999999699,9.569993999999951,0.0001700000002529123,core 4 cpu_frequency,None
9.569993999999951,9.570031999999628,3.799999967668555e-05,core 4 cpu_idle,1.0408807911438998e-06
9.570031999999628,9.570138999999926,0.00010700000029828516,core 4 cpu_frequency,None
9.570138999999926,9.571081999999933,0.0009430000000065775,core 4 cpu_idle,2.5830278800180166e-05
9.571081999999933,9.571200999999746,0.00011899999981324072,core 4 cpu_frequency,None
9.571200999999746,9.571599999999762,0.0003990000000158034,core 4 cpu_idle,1.092924840043288e-05
9.571599999999762,9.573121999999785,0.0015220000000226719,core 4 cpu_frequency,None
9.573121999999785,9.581524999999601,0.00840299999981653,core 4 cpu_frequency,None
9.581524999999601,9.585450999999921,0.003926000000319618,core 4 cpu_frequency,None
9.585450999999921,9.585782999999992,0.0003320000000712753,core 4 cpu_frequency,None
9.585782999999992,9.590718999999808,0.0049359999998159765,core 4 cpu_frequency,None
9.590718999999808,9.590776999999889,5.800000008093775e-05,core 4 cpu_frequency,None
9.590776999999889,9.591149999999743,0.0003729999998540734,core 4 cpu_idle,1.0217066796002837e-05
9.591149999999743,9.591948999999659,0.0007989999999153952,core 4 cpu_frequency,None
9.591948999999659,9.59346800000003,0.0015190000003713067,core 4 cpu_idle,4.1607840410170685e-05
9.59346800000003,9.59548599999971,0.002017999999679887,core 4 cpu_frequency,None
9.59548599999971,9.59736699999985,0.0018810000001394656,core 4 cpu_frequency,None
9.59736699999985,9.60101799999984,0.003650999999990745,core 4 cpu_frequency,None
9.60101799999984,9.60208399999965,0.0010659999998097192,core 4 cpu_frequency,None
9.60208399999965,9.602887999999894,0.0008040000002438319,core 4 cpu_frequency,None
9.602887999999894,9.60403499999984,0.0011469999999462743,core 4 cpu_frequency,None
9.60403499999984,9.61102899999969,0.0069939999998496205,core 4 cpu_frequency,None
9.61102899999969,9.611369999999624,0.00034099999993486563,core 4 cpu_frequency,None
9.611369999999624,9.614227000000028,0.0028570000004037865,core 4 cpu_frequency,None
9.614227000000028,9.614991999999802,0.0007649999997738632,core 4 cpu_frequency,None
9.614991999999802,9.620666999999685,0.005674999999882857,core 4 cpu_frequency,None
9.620666999999685,9.620797999999922,0.00013100000023769098,core 4 cpu_frequency,None
9.620797999999922,9.620895999999902,9.799999997994746e-05,core 4 cpu_frequency,None
9.620895999999902,9.622328999999809,0.0014329999999063148,core 4 cpu_idle,3.925216279743381e-05
9.622328999999809,9.622593999999935,0.0002650000001267472,core 4 cpu_frequency,None
9.622593999999935,9.622634999999718,4.099999978279811e-05,core 4 cpu_frequency,None
9.622634999999718,9.625736999999845,0.0031020000001262815,core 4 cpu_idle,8.496874320345905e-05
9.625736999999845,9.626407999999628,0.0006709999997838167,core 4 cpu_frequency,None
9.626407999999628,9.627400999999736,0.0009930000001077133,core 4 cpu_idle,2.7199858802950438e-05
9.627400999999736,9.62915299999986,0.0017520000001240987,core 4 cpu_frequency,None
9.62915299999986,9.629194999999982,4.200000012133387e-05,core 4 cpu_idle,1.1504472033235287e-06
9.629194999999982,9.62922299999991,2.7999999929306796e-05,core 4 cpu_frequency,None
9.62922299999991,9.629623999999694,0.0004009999997833802,core 4 cpu_idle,1.0984031594066436e-05
9.629623999999694,9.630004999999983,0.0003810000002886227,core 4 cpu_frequency,None
9.630004999999983,9.640116999999918,0.010111999999935506,core 4 cpu_idle,0.0002769838591982334
9.640116999999918,9.64017399999966,5.6999999742402e-05,core 4 cpu_frequency,None
9.64017399999966,9.64224699999977,0.0020730000001094595,core 4 cpu_frequency,None
9.64224699999977,9.646589999999833,0.004343000000062602,core 4 cpu_frequency,None
9.646589999999833,9.650740999999925,0.004151000000092608,core 4 cpu_frequency,None
9.650740999999925,9.652210999999625,0.001469999999699212,core 4 cpu_idle,4.026565199176093e-05
9.652210999999625,9.652856999999585,0.0006459999999606225,core 4 cpu_frequency,None
9.652856999999585,9.65288799999962,3.100000003541936e-05,core 4 cpu_idle,8.491396009701929e-07
9.65288799999962,9.654336999999941,0.001449000000320666,core 4 cpu_frequency,None
9.654336999999941,9.654378999999608,4.199999966658652e-05,core 4 cpu_idle,1.1504471908672712e-06
9.654378999999608,9.654679999999644,0.0003010000000358559,core 4 cpu_frequency,None
9.654679999999644,9.65471099999968,3.100000003541936e-05,core 4 cpu_idle,8.491396009701929e-07
9.65471099999968,9.657567999999628,0.002856999999949039,core 4 cpu_frequency,None
9.657567999999628,9.661945999999716,0.004378000000087923,core 4 cpu_idle,0.00011992042480240834
9.661945999999716,9.66334599999982,0.0014000000001033186,core 4 cpu_frequency,None
9.66334599999982,9.68302199999971,0.019675999999890337,core 4 cpu_frequency,None
9.68302199999971,9.685109999999895,0.002088000000185275,core 4 cpu_idle,5.719366080507498e-05
9.685109999999895,9.685314999999719,0.00020499999982348527,core 4 cpu_frequency,None
9.685314999999719,9.685975999999755,0.000661000000036438,core 4 cpu_frequency,None
9.685975999999755,9.690701999999874,0.004726000000118802,core 4 cpu_idle,0.00012945270160325418
9.690701999999874,9.690715999999611,1.3999999737279722e-05,core 4 cpu_frequency,None
9.690715999999611,9.69102299999986,0.00030700000024808105,core 4 cpu_idle,8.409221206795337e-06
9.69102299999986,9.693472999999813,0.002449999999953434,core 4 cpu_frequency,None
9.693472999999813,9.698534999999993,0.005062000000179978,core 4 cpu_frequency,None
9.698534999999993,29.93177199999991,20.233236999999917,core 4 cpu_idle,0.5542207346091977
29.93177199999991,29.932596999999987,0.0008250000000771252,core 4 cpu_frequency,None
29.932596999999987,29.935152000000016,0.002555000000029395,core 4 cpu_idle,6.998553800080516e-05
29.935152000000016,29.93569499999967,0.0005429999996522383,core 4 cpu_frequency,None
29.93569499999967,29.937993000000006,0.002298000000337197,core 4 cpu_idle,6.294589680923636e-05
29.937993000000006,29.938244999999824,0.0002519999998185085,core 4 cpu_frequency,None
29.938244999999824,29.946368999999777,0.008123999999952503,core 4 cpu_idle,0.00022252935839869897
29.946368999999777,29.946407999999792,3.90000000152213e-05,core 4 cpu_frequency,None
29.946407999999792,29.949521999999888,0.0031140000000959844,core 4 cpu_idle,8.529744240262916e-05
29.949521999999888,29.949607000000015,8.500000012645614e-05,core 4 cpu_frequency,None
29.949607000000015,29.94970199999989,9.49999998738349e-05,core 4 cpu_frequency,None
29.94970199999989,29.95073599999978,0.0010339999998905114,core 4 cpu_idle,2.832291439700093e-05
29.95073599999978,29.95074599999998,1.0000000202126103e-05,core 4 cpu_frequency,None
29.95074599999998,78.59070799999972,48.63996199999974,core 4 cpu_idle,1.332326383119193
78.59070799999972,78.59073199999966,2.3999999939405825e-05,core 4 cpu_frequency,None
78.59073199999966,78.61070399999971,0.019972000000052503,core 4 cpu_idle,0.0005470650352014381
78.61070399999971,78.61076999999977,6.60000000607397e-05,core 4 cpu_frequency,None
78.61076999999977,78.63086599999997,0.02009600000019418,core 4 cpu_idle,0.0005504615936053189
78.63086599999997,78.63128799999959,0.00042199999961667345,core 4 cpu_frequency,None
78.63128799999959,138.85072599999967,60.21943800000008,core 4 cpu_idle,1.6495067579208023
138.85072599999967,138.8619719999997,0.011246000000028289,core 4 cpu_frequency,None
138.8619719999997,138.87073899999996,0.00876700000026176,core 4 cpu_idle,0.00024014215720717002
138.87073899999996,138.8707629999999,2.3999999939405825e-05,core 4 cpu_frequency,None
138.8707629999999,138.8915479999996,0.020784999999705178,core 4 cpu_idle,0.0005693344059919243
138.8915479999996,138.8916009999998,5.300000020724838e-05,core 4 cpu_frequency,None
138.8916009999998,181.35070199999973,42.45910099999992,core 4 cpu_idle,1.1630227109515978
181.35070199999973,181.35220600000002,0.0015040000002954912,core 4 cpu_frequency,None
181.35220600000002,181.35294999999996,0.00074399999994057,core 4 cpu_idle,2.0379350398372114e-05
181.35294999999996,181.35303999999996,9.000000000014552e-05,core 4 cpu_frequency,None
181.35303999999996,181.433,0.07996000000002823,core 4 cpu_idle,0.002190232336000773
0.0,1.567062999999962,1.567062999999962,core 5 cpu_idle start,0.042924362870798954
1.567062999999962,1.961978999999701,0.39491599999973914,core 5 cpu_idle,0.010817381105592855
1.961978999999701,1.970719999999801,0.00874100000010003,core 5 cpu_frequency,None
1.970719999999801,2.050728999999592,0.08000899999979083,core 5 cpu_idle,0.0021915745243942706
2.050728999999592,2.0507949999996526,6.60000000607397e-05,core 5 cpu_frequency,None
2.0507949999996526,3.930699999999888,1.8799050000002353,core 5 cpu_idle,0.051493605798006443
3.930699999999888,3.9529709999997067,0.02227099999981874,core 5 cpu_frequency,None
3.9529709999997067,3.970762999999806,0.017792000000099506,core 5 cpu_frequency,None
3.970762999999806,9.086205999999947,5.115443000000141,core 5 cpu_idle,0.14012016847880385
9.086205999999947,9.086737999999968,0.0005320000000210712,core 5 cpu_frequency,None
9.086737999999968,9.090705999999955,0.003967999999986205,core 5 cpu_idle,0.00010868986879962212
9.090705999999955,9.090739999999641,3.399999968678458e-05,core 5 cpu_frequency,None
9.090739999999641,9.1108049999998,0.02006500000015876,core 5 cpu_idle,0.0005496124540043487
9.1108049999998,9.110839999999826,3.500000002532033e-05,core 5 cpu_frequency,None
9.110839999999826,9.412794999999733,0.30195499999990716,core 5 cpu_idle,0.008271030577997456
9.412794999999733,9.413088999999673,0.0002939999999398424,core 5 cpu_frequency,None
9.413088999999673,9.428396999999677,0.01530800000000454,core 5 cpu_idle,0.00041931061280012433
9.428396999999677,9.430730999999923,0.0023340000002463057,core 5 cpu_frequency,None
9.430730999999923,9.502228999999716,0.07149799999979223,core 5 cpu_idle,0.0019584446167943085
9.502228999999716,9.502250000000004,2.100000028804061e-05,core 5 cpu_frequency,None
9.502250000000004,9.51035899999988,0.008108999999876687,core 5 cpu_idle,0.00022211848439662225
9.51035899999988,9.510747999999694,0.0003889999998136773,core 5 cpu_frequency,None
9.510747999999694,9.530710999999883,0.019963000000188913,core 5 cpu_idle,0.0005468185108051745
9.530710999999883,9.532056000000011,0.0013450000001284934,core 5 cpu_frequency,None
9.532056000000011,9.532165999999961,0.00010999999994965037,core 5 cpu_frequency,None
9.532165999999961,9.532204999999976,3.90000000152213e-05,core 5 cpu_frequency,None
9.532204999999976,9.532350999999835,0.0001459999998587591,core 5 cpu_idle,3.999173596131186e-06
9.532350999999835,9.532502000000022,0.00015100000018719584,core 5 cpu_frequency,None
9.532502000000022,9.53336199999967,0.0008599999996476981,core 5 cpu_idle,2.3556775990349888e-05
9.53336199999967,9.533449000000019,8.70000003487803e-05,core 5 cpu_frequency,None
9.533449000000019,9.533496000000014,4.6999999995023245e-05,core 5 cpu_idle,1.2874051998636787e-06
9.533496000000014,9.533551999999872,5.599999985861359e-05,core 5 cpu_frequency,None
9.533551999999872,9.53465899999992,0.0011070000000472646,core 5 cpu_idle,3.032250120129465e-05
9.53465899999992,9.53476099999989,0.00010199999996984843,core 5 cpu_frequency,None
9.53476099999989,9.535535999999865,0.0007749999999759893,core 5 cpu_idle,2.1228489999342307e-05
9.535535999999865,9.535605999999916,7.000000005064066e-05,core 5 cpu_frequency,None
9.535605999999916,9.53685299999961,0.0012469999996937986,core 5 cpu_idle,3.415732519161265e-05
9.53685299999961,9.53729899999962,0.0004460000000108266,core 5 cpu_frequency,None
9.53729899999962,9.538114999999834,0.0008160000002135348,core 5 cpu_frequency,None
9.538114999999834,9.53816199999983,4.6999999995023245e-05,core 5 cpu_idle,1.2874051998636787e-06
9.53816199999983,9.538374999999633,0.0002129999998032872,core 5 cpu_frequency,None
9.538374999999633,9.539230999999745,0.0008560000001125445,core 5 cpu_idle,2.3447209603082772e-05
9.539230999999745,9.539299999999912,6.900000016685226e-05,core 5 cpu_frequency,None
9.539299999999912,9.544463999999607,0.005163999999695079,core 5 cpu_idle,0.00014145022239164774
9.544463999999607,9.544481999999789,1.8000000181928044e-05,core 5 cpu_frequency,None
9.544481999999789,9.55017399999997,0.005692000000180997,core 5 cpu_idle,0.00015591298720495778
9.55017399999997,9.550264999999854,9.099999988393392e-05,core 5 cpu_frequency,None
9.550264999999854,9.55121999999983,0.0009549999999762804,core 5 cpu_idle,2.615897799935028e-05
9.55121999999983,9.551414000000022,0.0001940000001923181,core 5 cpu_frequency,None
9.551414000000022,9.55230599999959,0.0008919999995669059,core 5 cpu_idle,2.4433307188136857e-05
9.55230599999959,9.552484999999706,0.00017900000011650263,core 5 cpu_frequency,None
9.552484999999706,9.552530999999817,4.600000011123484e-05,core 5 cpu_idle,1.2600136030469001e-06
9.552530999999817,9.552704999999605,0.0001739999997880659,core 5 cpu_frequency,None
9.552704999999605,9.55282999999963,0.00012500000002546585,core 5 cpu_idle,3.4239500006975503e-06
9.55282999999963,9.552899999999681,7.000000005064066e-05,core 5 cpu_frequency,None
9.552899999999681,9.561056999999892,0.008157000000210246,core 5 cpu_idle,0.00022343328120575897
9.561056999999892,9.561142999999902,8.600000001024455e-05,core 5 cpu_frequency,None
9.561142999999902,9.561355999999705,0.0002129999998032872,core 5 cpu_idle,5.834410794611722e-06
9.561355999999705,9.561483999999837,0.00012800000013157842,core 5 cpu_frequency,None
9.561483999999837,9.562881999999718,0.0013979999998809944,core 5 cpu_idle,3.8293456796740246e-05
9.562881999999718,9.565775999999914,0.0028940000001966837,core 5 cpu_frequency,None
9.565775999999914,9.566855999999916,0.0010800000000017462,core 5 cpu_frequency,None
9.566855999999916,9.569823999999699,0.002967999999782478,core 5 cpu_frequency,None
9.569823999999699,9.570032999999967,0.0002090000002681336,core 5 cpu_frequency,None
9.570032999999967,9.570730999999796,0.0006979999998293351,core 5 cpu_frequency,None
9.570730999999796,9.571082999999817,0.00035200000002078013,core 5 cpu_idle,9.6418432005692e-06
9.571082999999817,9.571601999999984,0.0005190000001675799,core 5 cpu_frequency,None
9.571601999999984,9.573121999999785,0.0015199999998003477,core 5 cpu_frequency,None
9.573121999999785,9.574385999999777,0.0012639999999919382,core 5 cpu_frequency,None
9.574385999999777,9.581526999999824,0.007141000000046915,core 5 cpu_idle,0.00019560341560128508
9.581526999999824,9.585451999999805,0.0039249999999810825,core 5 cpu_frequency,None
9.585451999999805,9.585783999999876,0.0003320000000712753,core 5 cpu_frequency,None
9.585783999999876,9.590719999999692,0.0049359999998159765,core 5 cpu_frequency,None
9.590719999999692,9.590727999999672,7.999999979801942e-06,core 5 cpu_frequency,None
9.590727999999672,9.591150999999627,0.0004229999999552092,core 5 cpu_idle,1.1586646798773107e-05
9.591150999999627,9.591237999999976,8.70000003487803e-05,core 5 cpu_frequency,None
9.591237999999976,9.593468999999914,0.0022309999999379215,core 5 cpu_idle,6.111065959829957e-05
9.593468999999914,9.595486999999594,0.002017999999679887,core 5 cpu_frequency,None
9.595486999999594,9.59736699999985,0.0018800000002556772,core 5 cpu_frequency,None
9.59736699999985,9.60084199999983,0.003474999999980355,core 5 cpu_frequency,None
9.60084199999983,9.600886999999602,4.4999999772699084e-05,core 5 cpu_idle,1.2326219937738642e-06
9.600886999999602,9.601018999999724,0.0001320000001214794,core 5 cpu_frequency,None
9.601018999999724,9.60208399999965,0.0010649999999259308,core 5 cpu_frequency,None
9.60208399999965,9.602888999999777,0.0008050000001276203,core 5 cpu_frequency,None
9.602888999999777,9.604035999999724,0.0011469999999462743,core 5 cpu_frequency,None
9.604035999999724,9.611030000000028,0.006994000000304368,core 5 cpu_frequency,None
9.611030000000028,9.611250999999811,0.00022099999978308915,core 5 cpu_frequency,None
9.611250999999811,9.611370999999963,0.00012000000015177648,core 5 cpu_idle,3.2869920041574e-06
9.611370999999963,9.611609999999928,0.0002389999999650172,core 5 cpu_frequency,None
9.611609999999928,9.614227999999912,0.002617999999984022,core 5 cpu_idle,7.171120879956233e-05
9.614227999999912,9.614994000000024,0.000766000000112399,core 5 cpu_frequency,None
9.614994000000024,9.620669999999791,0.0056759999997666455,core 5 cpu_frequency,None
9.620669999999791,9.62072199999966,5.199999986871262e-05,core 5 cpu_frequency,None
9.62072199999966,9.62079999999969,7.80000000304426e-05,core 5 cpu_idle,2.1365448008338714e-06
9.62079999999969,9.622303999999986,0.0015040000002954912,core 5 cpu_frequency,None
9.622303999999986,9.622331000000031,2.700000004551839e-05,core 5 cpu_idle,7.395732012468216e-07
9.622331000000031,9.622345999999652,1.4999999621068127e-05,core 5 cpu_frequency,None
9.622345999999652,9.62259499999982,0.0002490000001671433,core 5 cpu_idle,6.820508404578322e-06
9.62259499999982,9.623225999999704,0.000630999999884807,core 5 cpu_frequency,None
9.623225999999704,9.625737999999728,0.0025120000000242726,core 5 cpu_idle,6.880769920066486e-05
9.625737999999728,9.62740199999962,0.00166399999989153,core 5 cpu_frequency,None
9.62740199999962,9.629196999999749,0.001795000000129221,core 5 cpu_frequency,None
9.629196999999749,9.629625000000033,0.00042800000028364593,core 5 cpu_frequency,None
9.629625000000033,9.630007999999634,0.00038299999960145215,core 5 cpu_frequency,None
9.630007999999634,9.640120999999908,0.010113000000274042,core 5 cpu_idle,0.0002770112508075064
9.640120999999908,9.640153999999711,3.299999980299617e-05,core 5 cpu_frequency,None
9.640153999999711,9.640175,2.100000028804061e-05,core 5 cpu_idle,5.752236078898931e-07
9.640175,9.642218999999841,0.002043999999841617,core 5 cpu_frequency,None
9.642218999999841,9.64224699999977,2.7999999929306796e-05,core 5 cpu_idle,7.669647980636e-07
9.64224699999977,9.646546999999828,0.00430000000005748,core 5 cpu_frequency,None
9.646546999999828,9.646590999999717,4.399999988891068e-05,core 5 cpu_idle,1.2052303969570857e-06
9.646590999999717,9.647105999999894,0.0005150000001776789,core 5 cpu_frequency,None
9.647105999999894,9.652211999999963,0.005106000000068889,core 5 cpu_idle,0.00013986150960188697
9.652211999999963,9.65288899999996,0.0006769999999960419,core 5 cpu_frequency,None
9.65288899999996,9.654381999999714,0.0014929999997548293,core 5 cpu_frequency,None
9.654381999999714,9.654712000000018,0.00033000000030369847,core 5 cpu_frequency,None
9.654712000000018,9.660718999999972,0.006006999999954132,core 5 cpu_frequency,None
9.660718999999972,9.661947999999938,0.001228999999966618,core 5 cpu_idle,3.366427639908561e-05
9.661947999999938,9.66334599999982,0.0013979999998809944,core 5 cpu_frequency,None
9.66334599999982,9.664906999999857,0.0015610000000378932,core 5 cpu_frequency,None
9.664906999999857,9.685110999999779,0.020203999999921507,core 5 cpu_idle,0.00055341988639785
9.685110999999779,9.685315999999602,0.00020499999982348527,core 5 cpu_frequency,None
9.685315999999602,9.690701999999874,0.005386000000271451,core 5 cpu_frequency,None
9.690701999999874,9.691024999999627,0.0003229999997529376,core 5 cpu_frequency,None
9.691024999999627,9.69137099999989,0.00034600000026330235,core 5 cpu_frequency,None
9.69137099999989,9.693473999999696,0.002102999999806343,core 5 cpu_idle,5.7604534794695425e-05
9.693473999999696,9.698325999999724,0.004852000000028056,core 5 cpu_frequency,None
9.698325999999724,29.931772999999794,20.23344700000007,core 5 cpu_idle,0.5542264868452018
29.931772999999794,29.932204999999612,0.00043199999981879955,core 5 cpu_frequency,None
29.932204999999612,29.935152000000016,0.002947000000403932,core 5 cpu_idle,8.072304521106434e-05
29.935152000000016,29.935260999999628,0.00010899999961111462,core 5 cpu_frequency,None
29.935260999999628,29.937993000000006,0.0027320000003783207,core 5 cpu_idle,7.483385121036281e-05
29.937993000000006,29.938472999999703,0.0004799999996976112,core 5 cpu_frequency,None
29.938472999999703,29.946371,0.007898000000295724,core 5 cpu_idle,0.00021633885680810035
29.946371,29.946395999999822,2.499999982319423e-05,core 5 cpu_frequency,None
29.946395999999822,29.949523999999656,0.003127999999833264,core 5 cpu_idle,8.568092479543284e-05
29.949523999999656,29.9496079999999,8.400000024266774e-05,core 5 cpu_frequency,None
29.9496079999999,29.94975599999998,0.00014800000008108327,core 5 cpu_frequency,None
29.94975599999998,29.950738,0.0009820000000217988,core 5 cpu_idle,2.6898551200597103e-05
29.950738,29.95100599999978,0.0002679999997781124,core 5 cpu_frequency,None
29.95100599999978,78.5907089999996,48.63970299999983,core 5 cpu_idle,1.3323192886947952
78.5907089999996,78.59072900000001,2.0000000404252205e-05,core 5 cpu_frequency,None
78.59072900000001,78.6107049999996,0.019975999999587657,core 5 cpu_idle,0.0005471746015887053
78.6107049999996,78.6107549999997,5.000000010113581e-05,core 5 cpu_frequency,None
78.6107549999997,78.63086699999985,0.020112000000153785,core 5 cpu_idle,0.0005508998592042124
78.63086699999985,79.05638299999964,0.4255159999997886,core 5 cpu_frequency,None
79.05638299999964,138.85072599999967,59.794343000000026,core 5 cpu_idle,1.6378627257188005
138.85072599999967,138.85073899999998,1.3000000308238668e-05,core 5 cpu_frequency,None
138.85073899999998,138.87073899999996,0.01999999999998181,core 5 cpu_idle,0.0005478319999995018
138.87073899999996,138.87080799999967,6.899999971210491e-05,core 5 cpu_frequency,None
138.87080799999967,138.8915509999997,0.02074300000003859,core 5 cpu_idle,0.0005681839588010571
138.8915509999997,138.89228599999979,0.0007350000000769796,core 5 cpu_frequency,None
138.89228599999979,181.35070399999995,42.458418000000165,core 5 cpu_idle,1.1630040024888044
181.35070399999995,181.35118699999975,0.00048299999980372377,core 5 cpu_frequency,None
181.35118699999975,181.35295099999985,0.0017640000000938016,core 5 cpu_idle,4.8318782402569376e-05
181.35295099999985,181.3531109999999,0.00016000000005078618,core 5 cpu_frequency,None
181.3531109999999,181.433,0.0798890000000938,core 5 cpu_idle,0.002188287532402569
0.0,1.5671219999999266,1.5671219999999266,core 6 cpu_idle start,0.04292597897519799
1.5671219999999266,1.9619799999995848,0.3948579999996582,core 6 cpu_idle,0.010815792392790638
1.9619799999995848,1.9620599999998376,8.000000025276677e-05,core 6 cpu_frequency,None
1.9620599999998376,2.050728999999592,0.0886689999997543,core 6 cpu_idle,0.00242878578039327
2.050728999999592,2.050774999999703,4.600000011123484e-05,core 6 cpu_frequency,None
2.050774999999703,3.930699999999888,1.8799250000001848,core 6 cpu_idle,0.05149415363000506
3.930699999999888,3.9529719999995905,0.02227199999970253,core 6 cpu_frequency,None
3.9529719999995905,3.9707619999999224,0.01779000000033193,core 6 cpu_frequency,None
3.9707619999999224,9.086206999999831,5.115444999999909,core 6 cpu_idle,0.1401202232619975
9.086206999999831,9.086415999999645,0.00020899999981338624,core 6 cpu_frequency,None
9.086415999999645,9.090705999999955,0.004290000000310101,core 6 cpu_idle,0.00011750996400849417
9.090705999999955,9.090819999999894,0.00011399999993955134,core 6 cpu_frequency,None
9.090819999999894,9.110807000000023,0.01998700000012832,core 6 cpu_idle,0.0005474759092035148
9.110807000000023,9.260784999999942,0.14997799999991912,core 6 cpu_frequency,None
9.260784999999942,9.412794999999733,0.15200999999979103,core 6 cpu_idle,0.004163797115994276
9.412794999999733,9.413352000000032,0.0005570000002990128,core 6 cpu_frequency,None
9.413352000000032,9.428396999999677,0.01504499999964537,core 6 cpu_idle,0.0004121066219902861
9.428396999999677,9.428458999999748,6.200000007083872e-05,core 6 cpu_frequency,None
9.428458999999748,9.5022299999996,0.07377099999985148,core 6 cpu_idle,0.0020207057235959317
9.5022299999996,9.502238999999918,9.000000318337698e-06,core 6 cpu_frequency,None
9.502238999999918,9.51035899999988,0.008119999999962602,core 6 cpu_idle,0.00022241979199897558
9.51035899999988,9.510397999999896,3.90000000152213e-05,core 6 cpu_frequency,None
9.510397999999896,9.530710999999883,0.02031299999998737,core 6 cpu_idle,0.000556405570799654
9.530710999999883,9.530753999999888,4.3000000005122274e-05,core 6 cpu_frequency,None
9.530753999999888,9.532056999999895,0.0013030000000071595,core 6 cpu_idle,3.569125480019611e-05
9.532056999999895,9.532166999999845,0.00010999999994965037,core 6 cpu_frequency,None
9.532166999999845,9.532351999999719,0.00018499999987398041,core 6 cpu_frequency,None
9.532351999999719,9.53336199999967,0.0010099999999511056,core 6 cpu_frequency,None
9.53336199999967,9.533496999999898,0.00013500000022759195,core 6 cpu_frequency,None
9.533496999999898,9.53465899999992,0.0011620000000220898,core 6 cpu_frequency,None
9.53465899999992,9.53553699999975,0.0008779999998296262,core 6 cpu_frequency,None
9.53553699999975,9.536853999999948,0.0013170000001991866,core 6 cpu_frequency,None
9.536853999999948,9.53729899999962,0.00044499999967229087,core 6 cpu_frequency,None
9.53729899999962,9.53816199999983,0.000863000000208558,core 6 cpu_frequency,None
9.53816199999983,9.539231999999629,0.0010699999997996201,core 6 cpu_frequency,None
9.539231999999629,9.542128999999932,0.0028970000003027963,core 6 cpu_frequency,None
9.542128999999932,9.544464999999946,0.0023360000000138825,core 6 cpu_idle,6.398677760038027e-05
9.544464999999946,9.54471199999989,0.00024699999994481914,core 6 cpu_frequency,None
9.54471199999989,9.55017399999997,0.00546200000007957,core 6 cpu_idle,0.00014961291920217955
9.55017399999997,9.550183999999717,9.999999747378752e-06,core 6 cpu_frequency,None
9.550183999999717,9.551220999999714,0.001036999999996624,core 6 cpu_idle,2.8405089199907524e-05
9.551220999999714,9.55123599999979,1.5000000075815478e-05,core 6 cpu_frequency,None
9.55123599999979,9.552306999999928,0.0010710000001381559,core 6 cpu_idle,2.933640360378431e-05
9.552306999999928,9.552531999999701,0.00022499999977299012,core 6 cpu_frequency,None
9.552531999999701,9.55283099999997,0.0002990000002682791,core 6 cpu_frequency,None
9.55283099999997,9.560735999999906,0.00790499999993699,core 6 cpu_frequency,None
9.560735999999906,9.561057999999775,0.0003219999998691492,core 6 cpu_idle,8.820095196415787e-06
9.561057999999775,9.561355999999705,0.00029799999992974335,core 6 cpu_frequency,None
9.561355999999705,9.561483999999837,0.00012800000013157842,core 6 cpu_frequency,None
9.561483999999837,9.562881999999718,0.0013979999998809944,core 6 cpu_idle,3.8293456796740246e-05
9.562881999999718,9.565775999999914,0.0028940000001966837,core 6 cpu_frequency,None
9.565775999999914,9.566855999999916,0.0010800000000017462,core 6 cpu_frequency,None
9.566855999999916,9.569824999999582,0.0029689999996662664,core 6 cpu_frequency,None
9.569824999999582,9.57003399999985,0.0002090000002681336,core 6 cpu_frequency,None
9.57003399999985,9.57071199999973,0.0006779999998798303,core 6 cpu_frequency,None
9.57071199999973,9.571082999999817,0.0003710000000864966,core 6 cpu_idle,1.0162283602369279e-05
9.571082999999817,9.571094999999787,1.1999999969702912e-05,core 6 cpu_frequency,None
9.571094999999787,9.571601999999984,0.0005070000001978769,core 6 cpu_idle,1.3887541205420165e-05
9.571601999999984,9.572523999999703,0.0009219999997185369,core 6 cpu_frequency,None
9.572523999999703,9.573121999999785,0.0005980000000818109,core 6 cpu_idle,1.638017680224093e-05
9.573121999999785,9.573809999999867,0.0006880000000819564,core 6 cpu_frequency,None
9.573809999999867,9.581526999999824,0.007716999999956897,core 6 cpu_idle,0.00021138097719881934
9.581526999999824,9.585452999999688,0.003925999999864871,core 6 cpu_frequency,None
9.585452999999688,9.585709999999835,0.00025700000014694524,core 6 cpu_frequency,None
9.585709999999835,9.58578499999976,7.499999992433004e-05,core 6 cpu_idle,2.054369997927279e-06
9.58578499999976,9.59072100000003,0.004936000000270724,core 6 cpu_frequency,None
9.59072100000003,9.590837999999621,0.00011699999959091656,core 6 cpu_frequency,None
9.590837999999621,9.591151999999965,0.0003140000003440946,core 6 cpu_idle,8.6009624094253e-06
9.591151999999965,9.591874999999618,0.0007229999996525294,core 6 cpu_frequency,None
9.591874999999618,9.593469999999797,0.0015950000001794251,core 6 cpu_idle,4.368960200491474e-05
9.593469999999797,9.595486999999594,0.0020169999997960986,core 6 cpu_frequency,None
9.595486999999594,9.595548999999664,6.200000007083872e-05,core 6 cpu_frequency,None
9.595548999999664,9.597367999999733,0.0018190000000686268,core 6 cpu_idle,4.9825320401879796e-05
9.597367999999733,9.600704999999834,0.0033370000001013977,core 6 cpu_frequency,None
9.600704999999834,9.600886999999602,0.00018199999976786785,core 6 cpu_idle,4.985271193641529e-06
9.600886999999602,9.601018999999724,0.0001320000001214794,core 6 cpu_frequency,None
9.601018999999724,9.60119799999984,0.00017900000011650263,core 6 cpu_frequency,None
9.60119799999984,9.602084999999988,0.0008870000001479639,core 6 cpu_idle,2.4296349204052965e-05
9.602084999999988,9.602105999999822,2.099999983329326e-05,core 6 cpu_frequency,None
9.602105999999822,9.602889999999661,0.0007839999998395797,core 6 cpu_idle,2.147501439560583e-05
9.602889999999661,9.60401499999989,0.0011250000002291927,core 6 cpu_frequency,None
9.60401499999989,9.604036999999607,2.1999999717081664e-05,core 6 cpu_idle,6.026151922504141e-07
9.604036999999607,9.610729999999876,0.006693000000268512,core 6 cpu_frequency,None
9.610729999999876,9.611030000000028,0.0003000000001520675,core 6 cpu_idle,8.217480004165372e-06
9.611030000000028,9.611370999999963,0.00034099999993486563,core 6 cpu_frequency,None
9.611370999999963,9.613888999999745,0.0025179999997817504,core 6 cpu_frequency,None
9.613888999999745,9.614227999999912,0.0003390000001672888,core 6 cpu_idle,9.285752404582308e-06
9.614227999999912,9.61495100000002,0.0007230000001072767,core 6 cpu_frequency,None
9.61495100000002,9.614994000000024,4.3000000005122274e-05,core 6 cpu_idle,1.1778388001403073e-06
9.614994000000024,9.618420999999671,0.003426999999646796,core 6 cpu_frequency,None
9.618420999999671,9.620669999999791,0.0022490000001198496,core 6 cpu_idle,6.160370840328287e-05
9.620669999999791,9.62079999999969,0.00012999999989915523,core 6 cpu_frequency,None
9.62079999999969,9.621020999999928,0.0002210000002378365,core 6 cpu_frequency,None
9.621020999999928,9.622331000000031,0.001310000000103173,core 6 cpu_idle,3.588299600282607e-05
9.622331000000031,9.6225629999999,0.00023199999986900366,core 6 cpu_frequency,None
9.6225629999999,9.62259499999982,3.199999991920777e-05,core 6 cpu_idle,8.765311977869714e-07
9.62259499999982,9.625718999999663,0.003123999999843363,core 6 cpu_frequency,None
9.625718999999663,9.625738999999612,1.9999999949504854e-05,core 6 cpu_idle,5.478319986168571e-07
9.625738999999612,9.62740199999962,0.0016630000000077416,core 6 cpu_frequency,None
9.62740199999962,9.629196999999749,0.001795000000129221,core 6 cpu_frequency,None
9.629196999999749,9.629625999999917,0.00042900000016743434,core 6 cpu_frequency,None
9.629625999999917,9.630720999999994,0.0010950000000775617,core 6 cpu_frequency,None
9.630720999999994,9.640120999999908,0.009399999999914144,core 6 cpu_idle,0.00025748103999764826
9.640120999999908,9.640175999999883,5.499999997482519e-05,core 6 cpu_frequency,None
9.640175999999883,9.640708999999788,0.0005329999999048596,core 6 cpu_frequency,None
9.640708999999788,9.642247999999654,0.0015389999998660642,core 6 cpu_idle,4.215567239633128e-05
9.642247999999654,9.643196999999873,0.0009490000002188026,core 6 cpu_frequency,None
9.643196999999873,9.646590999999717,0.0033939999998437997,core 6 cpu_idle,9.296709039572142e-05
9.646590999999717,9.65073399999983,0.0041430000001128064,core 6 cpu_frequency,None
9.65073399999983,9.652211999999963,0.0014780000001337612,core 6 cpu_idle,4.048478480366393e-05
9.652211999999963,9.65288899999996,0.0006769999999960419,core 6 cpu_frequency,None
9.65288899999996,9.653638999999657,0.0007499999996980478,core 6 cpu_frequency,None
9.653638999999657,9.654381999999714,0.0007430000000567816,core 6 cpu_idle,2.0351958801555338e-05
9.654381999999714,9.654712999999902,0.0003310000001874869,core 6 cpu_frequency,None
9.654712999999902,9.654995999999755,0.0002829999998539279,core 6 cpu_frequency,None
9.654995999999755,9.661948999999822,0.006953000000066822,core 6 cpu_idle,0.00019045379480183035
9.661948999999822,9.661959999999908,1.1000000085914508e-05,core 6 cpu_frequency,None
9.661959999999908,9.663346999999703,0.00138699999979508,core 6 cpu_idle,3.799214919438691e-05
9.663346999999703,9.670716999999968,0.007370000000264554,core 6 cpu_frequency,None
9.670716999999968,9.685111999999663,0.014394999999694846,core 6 cpu_idle,0.0003943020819916413
9.685111999999663,9.685318999999708,0.00020700000004580943,core 6 cpu_frequency,None
9.685318999999708,9.690701999999874,0.005383000000165339,core 6 cpu_frequency,None
9.690701999999874,9.690717999999833,1.5999999959603883e-05,core 6 cpu_frequency,None
9.690717999999833,9.691024999999627,0.0003069999997933337,core 6 cpu_idle,8.409221194339079e-06
9.691024999999627,9.6917269999999,0.0007020000002739835,core 6 cpu_frequency,None
9.6917269999999,9.693475000000035,0.0017480000001341978,core 6 cpu_idle,4.7880516803675886e-05
9.693475000000035,9.698291999999583,0.004816999999547988,core 6 cpu_frequency,None
9.698291999999583,29.931772999999794,20.23348100000021,core 6 cpu_idle,0.5542274181596057
29.931772999999794,29.93466699999999,0.0028940000001966837,core 6 cpu_frequency,None
29.93466699999999,29.9351529999999,0.00048599999990983633,core 6 cpu_idle,1.3312317597530273e-05
29.9351529999999,29.935371000000032,0.00021800000013172394,core 6 cpu_frequency,None
29.935371000000032,29.93799399999989,0.0026229999998577114,core 6 cpu_idle,7.184816679610248e-05
29.93799399999989,29.940709999999854,0.0027159999999639695,core 6 cpu_frequency,None
29.940709999999854,29.946371,0.005661000000145577,core 6 cpu_idle,0.00015506384760398758
29.946371,29.94655799999964,0.00018699999964155722,core 6 cpu_frequency,None
29.94655799999964,29.949523999999656,0.002966000000014901,core 6 cpu_idle,8.124348560040816e-05
29.949523999999656,29.949608999999782,8.500000012645614e-05,core 6 cpu_frequency,None
29.949608999999782,29.950738,0.0011290000002190936,core 6 cpu_frequency,None
29.950738,29.95636599999989,0.005627999999887834,core 6 cpu_frequency,None
29.95636599999989,78.5907089999996,48.63434299999972,core 6 cpu_idle,1.3321724697187922
78.5907089999996,78.6107049999996,0.01999599999999191,core 6 cpu_frequency,None
78.6107049999996,78.61077099999966,6.60000000607397e-05,core 6 cpu_frequency,None
78.61077099999966,78.63086799999974,0.02009700000007797,core 6 cpu_idle,0.0005504889852021357
78.63086799999974,78.97817399999985,0.3473060000001169,core 6 cpu_frequency,None
78.97817399999985,138.85072599999967,59.872551999999814,core 6 cpu_idle,1.6400049953631948
138.85072599999967,138.85096199999998,0.00023600000031365198,core 6 cpu_frequency,None
138.85096199999998,138.87073999999984,0.019777999999860185,core 6 cpu_idle,0.0005417510647961702
138.87073999999984,138.87078499999961,4.4999999772699084e-05,core 6 cpu_frequency,None
138.87078499999961,138.8915509999997,0.02076600000009421,core 6 cpu_idle,0.0005688139656025805
138.8915509999997,138.89186299999983,0.0003120000001217704,core 6 cpu_frequency,None
138.89186299999983,181.35070399999995,42.45884100000012,core 6 cpu_idle,1.1630155891356033
181.35070399999995,181.35095699999965,0.0002529999997022969,core 6 cpu_frequency,None
181.35095699999965,181.35295199999973,0.001995000000079017,core 6 cpu_idle,5.46462420021644e-05
181.35295199999973,181.35362899999973,0.0006769999999960419,core 6 cpu_frequency,None
181.35362899999973,181.433,0.07937100000026476,core 6 cpu_idle,0.002174098683607252
0.0,1.5675959999998668,1.5675959999998668,core 7 cpu_idle start,0.04293896259359635
1.5675959999998668,1.961982999999691,0.3943869999998242,core 7 cpu_idle,0.010802890949195183
1.961982999999691,1.981094999999641,0.019111999999950058,core 7 cpu_frequency,None
1.981094999999641,4.467641999999614,2.486546999999973,core 7 cpu_idle,0.06811050080519926
4.467641999999614,4.467724999999973,8.300000035887933e-05,core 7 cpu_frequency,None
4.467724999999973,4.512114999999994,0.044390000000021246,core 7 cpu_idle,0.0012159131240005818
4.512114999999994,4.567536999999902,0.05542199999990771,core 7 cpu_frequency,None
4.567536999999902,4.627696999999898,0.060159999999996217,core 7 cpu_idle,0.0016478786559998963
4.627696999999898,4.720868999999766,0.0931719999998677,core 7 cpu_frequency,None
4.720868999999766,7.7829719999999725,3.0621030000002065,core 7 cpu_idle,0.08387590053480565
7.7829719999999725,7.783662999999706,0.0006909999997333216,core 7 cpu_frequency,None
7.783662999999706,8.063698999999815,0.2800360000001092,core 7 cpu_idle,0.007670634097602991
8.063698999999815,8.063956999999846,0.00025800000003073364,core 7 cpu_frequency,None
8.063956999999846,8.099039999999604,0.03508299999975861,core 7 cpu_idle,0.000960979502793388
8.099039999999604,8.099781999999777,0.0007420000001729932,core 7 cpu_frequency,None
8.099781999999777,9.086594999999761,0.9868129999999837,core 7 cpu_idle,0.027030386970799552
9.086594999999761,9.086656999999832,6.200000007083872e-05,core 7 cpu_frequency,None
9.086656999999832,9.090708999999606,0.004051999999774125,core 7 cpu_idle,0.00011099076319381292
9.090708999999606,9.09076899999991,6.000000030326191e-05,core 7 cpu_frequency,None
9.09076899999991,9.480682999999772,0.3899139999998624,core 7 cpu_idle,0.01068036832239623
9.480682999999772,9.498892999999953,0.018210000000181026,core 7 cpu_frequency,None
9.498892999999953,9.502231999999822,0.0033389999998689746,core 7 cpu_idle,9.1460552396411e-05
9.502231999999822,9.502524999999878,0.000293000000056054,core 7 cpu_frequency,None
9.502524999999878,9.510337999999592,0.00781299999971452,core 7 cpu_frequency,None
9.510337999999592,9.510410999999749,7.300000015675323e-05,core 7 cpu_frequency,None
9.510410999999749,9.530714999999873,0.02030400000012378,core 7 cpu_idle,0.0005561590464033904
9.530714999999873,9.530743999999686,2.89999998130952e-05,core 7 cpu_frequency,None
9.530743999999686,9.551339999999982,0.020596000000296044,core 7 cpu_idle,0.0005641573936081091
9.551339999999982,9.551609999999982,0.00027000000000043656,core 7 cpu_frequency,None
9.551609999999982,9.553085999999894,0.001475999999911437,core 7 cpu_idle,4.0430001597574114e-05
9.553085999999894,9.553137999999763,5.199999986871262e-05,core 7 cpu_frequency,None
9.553137999999763,9.55328899999995,0.00015100000018719584,core 7 cpu_frequency,None
9.55328899999995,9.559258999999656,0.005969999999706488,core 7 cpu_idle,0.00016352785199196023
9.559258999999656,9.559265999999752,7.000000096013537e-06,core 7 cpu_frequency,None
9.559265999999752,9.559320999999727,5.499999997482519e-05,core 7 cpu_idle,1.5065379993104215e-06
9.559320999999727,9.559371999999712,5.0999999984924216e-05,core 7 cpu_frequency,None
9.559371999999712,9.559593999999834,0.0002220000001216249,core 7 cpu_frequency,None
9.559593999999834,9.560508000000027,0.0009140000001934823,core 7 cpu_idle,2.503592240529979e-05
9.560508000000027,9.560545999999704,3.799999967668555e-05,core 7 cpu_frequency,None
9.560545999999704,9.560663999999633,0.00011799999992945231,core 7 cpu_frequency,None
9.560663999999633,9.561885999999959,0.0012220000003253517,core 7 cpu_idle,3.3472535208911905e-05
9.561885999999959,9.561895999999706,9.999999747378752e-06,core 7 cpu_frequency,None
9.561895999999706,9.56195200000002,5.600000031336094e-05,core 7 cpu_frequency,None
9.56195200000002,9.563276999999744,0.0013249999997242412,core 7 cpu_idle,3.6293869992446526e-05
9.563276999999744,9.563284999999723,7.999999979801942e-06,core 7 cpu_frequency,None
9.563284999999723,9.563322999999855,3.80000001314329e-05,core 7 cpu_idle,1.0408808036001573e-06
9.563322999999855,9.563382999999703,5.999999984851456e-05,core 7 cpu_frequency,None
9.563382999999703,9.566025999999965,0.0026430000002619636,core 7 cpu_idle,7.23959988071756e-05
9.566025999999965,9.566040999999586,1.4999999621068127e-05,core 7 cpu_frequency,None
9.566040999999586,9.566058999999768,1.8000000181928044e-05,core 7 cpu_idle,4.930488049833002e-07
9.566058999999768,9.5661869999999,0.00012800000013157842,core 7 cpu_frequency,None
9.5661869999999,9.570704999999634,0.004517999999734457,core 7 cpu_idle,0.00012375524879272633
9.570704999999634,9.571563999999853,0.0008590000002186571,core 7 cpu_frequency,None
9.571563999999853,9.572725999999875,0.0011620000000220898,core 7 cpu_frequency,None
9.572725999999875,9.572807999999895,8.200000002034358e-05,core 7 cpu_idle,2.246111200557243e-06
9.572807999999895,9.573173999999653,0.00036599999975805986,core 7 cpu_frequency,None
9.573173999999653,9.573214999999891,4.1000000237545464e-05,core 7 cpu_idle,1.1230556065067504e-06
9.573214999999891,9.573805999999877,0.0005909999999857973,core 7 cpu_frequency,None
9.573805999999877,9.574411999999938,0.0006060000000616128,core 7 cpu_idle,1.6599309601687672e-05
9.574411999999938,9.574434999999994,2.300000005561742e-05,core 7 cpu_frequency,None
9.574434999999994,9.574792999999772,0.0003579999997782579,core 7 cpu_idle,9.806192793926129e-06
9.574792999999772,9.580928999999742,0.006135999999969499,core 7 cpu_frequency,None
9.580928999999742,9.581597999999758,0.0006690000000162399,core 7 cpu_frequency,None
9.581597999999758,9.582251999999698,0.0006539999999404245,core 7 cpu_frequency,None
9.582251999999698,9.58541299999979,0.0031610000000910077,core 7 cpu_idle,8.658484760249284e-05
9.58541299999979,9.585719999999583,0.0003069999997933337,core 7 cpu_frequency,None
9.585719999999583,9.590664999999717,0.004945000000134314,core 7 cpu_idle,0.00013545146200367908
9.590664999999717,9.590835999999854,0.0001710000001367007,core 7 cpu_frequency,None
9.590835999999854,9.591948999999659,0.0011129999998047424,core 7 cpu_idle,3.048685079465158e-05
9.591948999999659,9.594001999999819,0.0020530000001599547,core 7 cpu_frequency,None
9.594001999999819,9.595037999999931,0.0010360000001128356,core 7 cpu_frequency,None
9.595037999999931,9.59508599999981,4.799999987881165e-05,core 7 cpu_frequency,None
9.59508599999981,9.596916999999848,0.0018310000000383297,core 7 cpu_idle,5.015401960104991e-05
9.596916999999848,9.597218999999768,0.0003019999999196443,core 7 cpu_frequency,None
9.597218999999768,9.59851499999968,0.001295999999911146,core 7 cpu_idle,3.549951359756614e-05
9.59851499999968,9.598653000000013,0.00013800000033370452,core 7 cpu_frequency,None
9.598653000000013,9.599714999999833,0.0010619999998198182,core 7 cpu_idle,2.908987919506453e-05
9.599714999999833,9.600843999999597,0.0011289999997643463,core 7 cpu_frequency,None
9.600843999999597,9.600889999999708,4.600000011123484e-05,core 7 cpu_idle,1.2600136030469001e-06
9.600889999999708,9.601273999999648,0.0003839999999399879,core 7 cpu_frequency,None
9.601273999999648,9.602027999999791,0.0007540000001426961,core 7 cpu_idle,2.0653266403908672e-05
9.602027999999791,9.60290599999962,0.0008779999998296262,core 7 cpu_frequency,None
9.60290599999962,9.602950999999848,4.5000000227446435e-05,core 7 cpu_idle,1.2326220062301218e-06
9.602950999999848,9.603991999999835,0.001040999999986525,core 7 cpu_frequency,None
9.603991999999835,9.604083999999602,9.199999976772233e-05,core 7 cpu_idle,2.520027193637543e-06
9.604083999999602,9.604351999999835,0.00026800000023285975,core 7 cpu_frequency,None
9.604351999999835,9.60573499999964,0.001382999999805179,core 7 cpu_frequency,None
9.60573499999964,9.609326999999666,0.003592000000026019,core 7 cpu_frequency,None
9.609326999999666,9.610642999999982,0.0013160000003153982,core 7 cpu_frequency,None
9.610642999999982,9.610856999999669,0.00021399999968707561,core 7 cpu_frequency,None
9.610856999999669,9.612270999999964,0.0014140000002953457,core 7 cpu_frequency,None
9.612270999999964,9.61596499999996,0.0036939999999958673,core 7 cpu_frequency,None
9.61596499999996,9.617927999999665,0.0019629999997050618,core 7 cpu_frequency,None
9.617927999999665,9.619143999999778,0.0012160000001131266,core 7 cpu_frequency,None
9.619143999999778,9.6191859999999,4.200000012133387e-05,core 7 cpu_idle,1.1504472033235287e-06
9.6191859999999,9.61952999999994,0.0003440000000409782,core 7 cpu_frequency,None
9.61952999999994,9.620841999999811,0.0013119999998707499,core 7 cpu_idle,3.593777919645963e-05
9.620841999999811,9.623156999999992,0.0023150000001805893,core 7 cpu_frequency,None
9.623156999999992,9.625970999999936,0.002813999999943917,core 7 cpu_idle,7.707996239846379e-05
9.625970999999936,9.626585999999861,0.0006149999999252032,core 7 cpu_frequency,None
9.626585999999861,9.628371999999672,0.0017859999998108833,core 7 cpu_idle,4.892139759481979e-05
9.628371999999672,9.629573999999593,0.0012019999999210995,core 7 cpu_frequency,None
9.629573999999593,9.63012099999969,0.0005470000000968867,core 7 cpu_frequency,None
9.63012099999969,9.633087999999589,0.0029669999998986896,core 7 cpu_frequency,None
9.633087999999589,9.634791999999834,0.001704000000245287,core 7 cpu_idle,4.6675286406718806e-05
9.634791999999834,9.634982000000036,0.00019000000020241714,core 7 cpu_frequency,None
9.634982000000036,9.63640499999974,0.0014229999997041887,core 7 cpu_idle,3.897824679189725e-05
9.63640499999974,9.636747999999898,0.0003430000001571898,core 7 cpu_frequency,None
9.636747999999898,9.63678899999968,4.099999978279811e-05,core 7 cpu_idle,1.1230555940504926e-06
9.63678899999968,9.637314999999944,0.0005260000002635934,core 7 cpu_frequency,None
9.637314999999944,9.637806999999611,0.0004919999996673141,core 7 cpu_idle,1.34766671908872e-05
9.637806999999611,9.638340999999855,0.0005340000002433953,core 7 cpu_frequency,None
9.638340999999855,9.640208999999686,0.0018679999998312269,core 7 cpu_idle,5.116750879537703e-05
9.640208999999686,9.641762999999628,0.0015539999999418797,core 7 cpu_frequency,None
9.641762999999628,9.64189499999975,0.0001320000001214794,core 7 cpu_idle,3.6156912033275145e-06
9.64189499999975,9.642288999999892,0.000394000000142114,core 7 cpu_frequency,None
9.642288999999892,9.642331999999897,4.3000000005122274e-05,core 7 cpu_idle,1.1778388001403073e-06
9.642331999999897,9.642674999999599,0.00034299999970244244,core 7 cpu_frequency,None
9.642674999999599,9.643415999999888,0.0007410000002892048,core 7 cpu_idle,2.029717560792178e-05
9.643415999999888,9.643502999999782,8.699999989403295e-05,core 7 cpu_frequency,None
9.643502999999782,9.64354000000003,3.700000024764449e-05,core 7 cpu_idle,1.0134892067833788e-06
9.64354000000003,9.644123000000036,0.0005830000000059954,core 7 cpu_frequency,None
9.644123000000036,9.645935000000009,0.0018119999999726133,core 7 cpu_idle,4.963357919924983e-05
9.645935000000009,9.646832999999788,0.000897999999779131,core 7 cpu_frequency,None
9.646832999999788,9.64715299999989,0.00032000000010157237,core 7 cpu_idle,8.765312002782229e-06
9.64715299999989,9.64836699999978,0.0012139999998908024,core 7 cpu_frequency,None
9.64836699999978,9.648443999999927,7.70000001466542e-05,core 7 cpu_idle,2.1091532040170933e-06
9.648443999999927,9.650715999999647,0.0022719999997207196,core 7 cpu_frequency,None
9.650715999999647,9.650762999999642,4.6999999995023245e-05,core 7 cpu_frequency,None
9.650762999999642,9.65609699999959,0.0053339999999479915,core 7 cpu_frequency,None
9.65609699999959,9.656140999999934,4.400000034365803e-05,core 7 cpu_idle,1.2052304094133432e-06
9.656140999999934,9.660743999999795,0.004602999999860913,core 7 cpu_frequency,None
9.660743999999795,9.660917999999583,0.0001739999997880659,core 7 cpu_frequency,None
9.660917999999583,9.662018999999873,0.0011010000002897868,core 7 cpu_idle,3.0158151607937723e-05
9.662018999999873,9.662932999999612,0.0009139999997387349,core 7 cpu_frequency,None
9.662932999999612,9.663348999999926,0.000416000000313943,core 7 cpu_idle,1.13949056085994e-05
9.663348999999926,9.663736999999855,0.00038799999992988887,core 7 cpu_frequency,None
9.663736999999855,9.663776999999754,3.999999989900971e-05,core 7 cpu_idle,1.0956639972337143e-06
9.663776999999754,9.666411999999582,0.0026349999998274143,core 7 cpu_frequency,None
9.666411999999582,9.666768999999931,0.00035700000034921686,core 7 cpu_idle,9.778801209565609e-06
9.666768999999931,9.66776899999968,0.0009999999997489795,core 7 cpu_frequency,None
9.66776899999968,9.670873999999912,0.003105000000232394,core 7 cpu_idle,8.505091800636565e-05
9.670873999999912,9.673049999999876,0.0021759999999630963,core 7 cpu_frequency,None
9.673049999999876,9.68538499999977,0.012334999999893625,core 7 cpu_idle,0.0003378753859970862
9.68538499999977,9.685805999999957,0.0004210000001876324,core 7 cpu_frequency,None
9.685805999999957,9.686403999999584,0.0005979999996270635,core 7 cpu_idle,1.638017678978467e-05
9.686403999999584,9.686605999999756,0.00020200000017212005,core 7 cpu_frequency,None
9.686605999999756,9.686623999999938,1.8000000181928044e-05,core 7 cpu_idle,4.930488049833002e-07
9.686623999999938,9.686811000000034,0.00018700000009630457,core 7 cpu_frequency,None
9.686811000000034,9.687644999999975,0.0008339999999407155,core 7 cpu_idle,2.28445943983761e-05
9.687644999999975,9.68816199999992,0.0005169999999452557,core 7 cpu_frequency,None
9.68816199999992,9.689911999999822,0.0017499999999017746,core 7 cpu_idle,4.7935299997309446e-05
9.689911999999822,9.689960999999585,4.8999999762600055e-05,core 7 cpu_frequency,None
9.689960999999585,9.690981999999622,0.00102100000003702,core 7 cpu_frequency,None
9.690981999999622,9.692835999999716,0.0018540000000939472,core 7 cpu_frequency,None
9.692835999999716,9.69729099999995,0.004455000000234577,core 7 cpu_idle,0.00012202957800642543
9.69729099999995,9.697316999999657,2.5999999706982635e-05,core 7 cpu_frequency,None
9.697316999999657,9.697355999999672,3.90000000152213e-05,core 7 cpu_idle,1.0682724004169357e-06
9.697355999999672,9.697414999999637,5.899999996472616e-05,core 7 cpu_frequency,None
9.697414999999637,9.750699999999597,0.05328499999995984,core 7 cpu_idle,0.0014595614059988997
9.750699999999597,9.750713999999789,1.4000000192027073e-05,core 7 cpu_frequency,None
9.750713999999789,9.770712999999887,0.01999900000009802,core 7 cpu_idle,0.0005478046084026849
9.770712999999887,9.770755999999892,4.3000000005122274e-05,core 7 cpu_frequency,None
9.770755999999892,14.805382000000009,5.034626000000117,core 7 cpu_idle,0.1379064615416032
14.805382000000009,14.80679199999986,0.0014099999998506973,core 7 cpu_frequency,None
14.80679199999986,14.810787999999775,0.003995999999915512,core 7 cpu_frequency,None
14.810787999999775,14.81307199999992,0.00228400000014517,core 7 cpu_frequency,None
14.81307199999992,29.92070799999965,15.10763599999973,core 7 cpu_idle,0.4138223222575926
29.92070799999965,29.9317759999999,0.011068000000250322,core 7 cpu_frequency,None
29.9317759999999,29.931794999999966,1.900000006571645e-05,core 7 cpu_frequency,None
29.931794999999966,29.931830999999875,3.599999990910874e-05,core 7 cpu_idle,9.86097597510343e-07
29.931830999999875,29.932182999999895,0.00035200000002078013,core 7 cpu_frequency,None
29.932182999999895,29.93796999999995,0.005787000000054832,core 7 cpu_idle,0.00015851518920150193
29.93796999999995,29.938530999999784,0.0005609999998341664,core 7 cpu_frequency,None
29.938530999999784,29.94087300000001,0.0023420000002261077,core 7 cpu_idle,6.415112720619344e-05
29.94087300000001,29.941756999999598,0.000883999999587104,core 7 cpu_frequency,None
29.941756999999598,29.946707999999944,0.004951000000346539,core 7 cpu_idle,0.00013561581160949227
29.946707999999944,29.94707900000003,0.0003710000000864966,core 7 cpu_frequency,None
29.94707900000003,29.950740999999653,0.003661999999621912,core 7 cpu_idle,0.00010030803918964356
29.950740999999653,29.951126999999815,0.00038600000016231206,core 7 cpu_frequency,None
29.951126999999815,29.95386499999995,0.0027380000001357985,core 7 cpu_idle,7.499820080371974e-05
29.95386499999995,29.954227999999603,0.0003629999996519473,core 7 cpu_frequency,None
29.954227999999603,29.95518899999979,0.0009610000001885055,core 7 cpu_idle,2.6323327605163465e-05
29.95518899999979,29.955771999999797,0.0005830000000059954,core 7 cpu_frequency,None
29.955771999999797,97.65071699999999,67.69494500000019,core 7 cpu_idle,1.8542728554620052
97.65071699999999,97.65074400000003,2.700000004551839e-05,core 7 cpu_frequency,None
97.65074400000003,164.59072100000003,66.939977,core 7 cpu_idle,1.8335930739931998
164.59072100000003,164.60809899999958,0.01737799999955314,core 7 cpu_frequency,None
164.60809899999958,164.6308479999998,0.022749000000203523,core 7 cpu_idle,0.0006231315084055748
164.6308479999998,164.94579999999996,0.31495200000017576,core 7 cpu_frequency,None
164.94579999999996,170.79661499999975,5.850814999999784,core 7 cpu_idle,0.16026318415399407
170.79661499999975,170.796742,0.00012700000024779,core 7 cpu_frequency,None
170.796742,181.433,10.636257999999998,core 7 cpu_idle,0.2913441246327999
